1   63.7014    404.299
2   55.7976    353.095
3   49.7844    315.377
4   45.8551    296.009
5   44.3193    286.237
6   43.4089    281.558
7   42.0747    269.686
8   40.1789    260.786
9   39.939    258.779
10   39.1082    252.61
11   38.0783    246.521
12   37.5066    242.975
13   36.5308    235.388
14   35.0987    227.515
15   34.5656    223.207
16   33.683    218.421
17   33.4848    216.955
18   32.8065    212.304
19   31.9444    205.859
20   30.977    201.091
21   30.8476    199.975
22   30.6084    198.45
23   30.4524    197.435
24   30.0785    194.508
25   29.1782    187.878
26   27.3172    174.903
27   25.839    167.595
28   24.7612    157.783
29   23.055    149.085
30   22.7898    147.493
31   22.3615    145.078
32   22.2623    144.285
33   21.9328    142.074
34   21.8436    141.756
35   21.4627    138.425
36   20.8213    135.1
37   20.7738    134.884
38   20.7429    134.593
39   20.5376    132.918
40   20.1331    130.52
41   20.0235    129.961
42   19.7338    127.217
43   18.9664    122.038
44   18.6408    120.795
45   18.4255    119.331
46   18.0783    116.484
47   17.208    111.21
48   17.0483    110.629
49   17.0337    110.592
50   16.9527    109.821
51   16.7377    108.375
52   16.6603    108.129
53   16.1879    103.672
54   14.9906    96.5189
55   14.8346    96.2951
56   14.8137    96.1463
57   14.8042    96.1239
58   14.8003    96.0885
59   14.7923    96.0417
60   14.7854    95.9948
61   14.7838    95.992
62   14.778    95.9366
63   14.6313    94.541
64   14.2116    91.7809
65   14.1132    91.6379
66   14.1129    91.6353
67   14.1026    91.5389
68   14.0802    91.4241
69   14.0802    91.4241
70   14.0741    91.3643
71   13.9064    89.7683
72   13.4115    86.5564
73   13.3099    86.4224
74   13.3099    86.4224
75   13.3099    86.4224
76   13.3099    86.4221
77   13.3092    86.4156
78   13.307    86.4008
79   13.3065    86.4002
80   13.3005    86.3417
81   13.1045    84.4901
82   12.5753    81.5217
83   12.5537    81.5121
84   12.5537    81.5121
85   12.5537    81.5121
86   12.5537    81.5121
87   12.5537    81.5121
88   12.5537    81.5121
89   12.5537    81.5121
90   12.5537    81.5121
91   12.5537    81.5121
92   12.5482    81.459
93   12.3347    79.4626
94   11.89    76.9001
95   10.838    67.6813
96   9.33256    60.4968
97   9.17885    59.4029
98   9.06979    58.8908
99   9.06979    58.8908
100   9.06881    58.8814
101   9.02926    58.5122
102   8.94811    58.1007
103   8.94811    58.1007
104   8.94811    58.1007
105   8.94811    58.1007
106   8.94715    58.0914
107   8.91039    57.7466
108   8.82084    57.2557
109   8.80928    57.1993
110   8.80928    57.1993
111   8.80928    57.1993
112   8.80928    57.1993
113   8.7991    57.1006
114   8.46303    53.9506
115   7.68378    49.5633
116   7.57814    49.0485
117   7.43785    48.254
118   7.4312    48.2513
119   7.4312    48.2513
120   7.4312    48.2513
121   7.4312    48.2513
122   7.4312    48.2513
123   7.4312    48.2513
124   7.4312    48.2513
125   7.4312    48.2513
126   7.43119    48.2512
127   7.43064    48.2461
128   7.42938    48.2388
129   7.42926    48.2387
130   7.42926    48.2387
131   7.42926    48.2387
132   7.42926    48.2387
133   7.42926    48.2387
134   7.42926    48.2387
135   7.42926    48.2387
136   7.42926    48.2387
137   7.42926    48.2387
138   7.42926    48.2387
139   7.42926    48.2387
140   7.42837    48.2301
141   7.38822    47.8588
142   7.31852    47.5197
143   7.31852    47.5197
144   7.31852    47.5197
145   7.31852    47.5197
146   7.31852    47.5197
147   7.31852    47.5197
148   7.31852    47.5197
149   7.31852    47.5197
150   7.31852    47.5197
151   7.31847    47.5192
152   7.31685    47.5039
153   7.31361    47.4816
154   7.3122    47.4786
155   7.3122    47.4786
156   7.3122    47.4786
157   7.3122    47.4786
158   7.3122    47.4786
159   7.3122    47.4786
160   7.3122    47.4786
161   7.3122    47.4786
162   7.3122    47.4786
163   7.3122    47.4786
164   7.3122    47.4786
165   7.3122    47.4786
166   7.31145    47.4713
167   7.27915    47.1713
168   7.21832    46.8691
169   7.21801    46.8661
170   7.21163    46.8081
171   7.2022    46.7644
172   7.2022    46.7644
173   7.2022    46.7644
174   7.2022    46.7644
175   7.20105    46.7533
176   7.15912    46.3591
177   7.06676    45.8377
178   7.05872    45.8328
179   7.05872    45.8328
180   7.05872    45.8328
181   7.05872    45.8328
182   7.05872    45.8328
183   7.05872    45.8328
184   7.05872    45.8328
185   7.05872    45.8328
186   7.05872    45.8328
187   7.05872    45.8328
188   7.05872    45.8328
189   7.05872    45.8328
190   7.05872    45.8328
191   7.05872    45.8328
192   7.05872    45.8328
193   7.05872    45.8328
194   7.05872    45.8328
195   7.05639    45.8101
196   7.00029    45.274
197   6.86237    44.213
198   6.76654    43.9356
199   6.76654    43.9356
200   6.76654    43.9356
201   6.76654    43.9356
202   6.76654    43.9356
203   6.76654    43.9356
204   6.76654    43.9356
205   6.76654    43.9356
206   6.76654    43.9356
207   6.76654    43.9356
208   6.76654    43.9356
209   6.76654    43.9356
210   6.76654    43.9356
211   6.76654    43.9356
212   6.76654    43.9356
213   6.76654    43.9356
214   6.76654    43.9356
215   6.76654    43.9356
216   6.76646    43.9348
217   6.76388    43.9104
218   6.75751    43.8713
219   6.75646    43.8702
220   6.75646    43.8702
221   6.75646    43.8702
222   6.75646    43.8702
223   6.75634    43.8691
224   6.75166    43.8252
225   6.74181    43.7751
226   6.74181    43.7751
227   6.74181    43.7751
228   6.74181    43.7751
229   6.74181    43.7751
230   6.74181    43.7751
231   6.74181    43.7751
232   6.74181    43.7751
233   6.74181    43.7751
234   6.74181    43.7751
235   6.74181    43.7751
236   6.74181    43.7751
237   6.74181    43.7751
238   6.74181    43.7751
239   6.74181    43.7751
240   6.74181    43.7751
241   6.74181    43.7751
242   6.74181    43.7751
243   6.74181    43.7751
244   6.74181    43.7751
245   6.74181    43.7751
246   6.74181    43.7751
247   6.74181    43.7751
248   6.74181    43.7751
249   6.74181    43.7751
250   6.74181    43.7751
251   6.74181    43.7751
252   6.74181    43.7751
253   6.74181    43.7751
254   6.74181    43.7751
255   6.74181    43.7751
256   6.74181    43.7751
257   6.74181    43.7751
258   6.74181    43.7751
259   6.74181    43.7751
260   6.74181    43.7751
261   6.74181    43.7751
262   6.74181    43.7751
263   6.74181    43.7751
264   6.74181    43.7751
265   6.74181    43.7751
266   6.74181    43.7751
267   6.74181    43.7751
268   6.74181    43.7751
269   6.74181    43.7751
270   6.74181    43.7751
271   6.74181    43.7751
272   6.74181    43.7751
273   6.74181    43.7751
274   6.74181    43.7751
275   6.74181    43.7751
276   6.74181    43.7751
277   6.74181    43.7751
278   6.74181    43.7751
279   6.74181    43.7751
280   6.74181    43.7751
281   6.74181    43.7751
282   6.74181    43.7751
283   6.74181    43.7751
284   6.74181    43.7751
285   6.74181    43.7751
286   6.74181    43.7751
287   6.74181    43.7751
288   6.74181    43.7751
289   6.74181    43.7751
290   6.74181    43.7751
291   6.74181    43.7751
292   6.74181    43.7751
293   6.74181    43.7751
294   6.74181    43.7751
295   6.74181    43.7751
296   6.74181    43.7751
297   6.74176    43.7746
298   6.74167    43.774
299   6.73972    43.7553
300   6.67429    43.1381
1   63.535    360.764
2   54.7109    309.918
3   48.5296    275.472
4   45.0332    260.443
5   44.0114    254.947
6   42.6946    246.545
7   40.9561    235.404
8   38.2797    220.086
9   36.6503    211.785
10   34.8495    200.411
11   33.4921    194.55
12   32.1582    184.124
13   29.8415    171.515
14   28.4608    165.036
15   28.0757    162.79
16   27.8445    161.641
17   27.2787    157.734
18   26.7753    155.668
19   26.0786    149.907
20   24.6809    142.893
21   24.2116    140.813
22   24.2062    140.766
23   23.9918    139.076
24   23.7376    137.94
25   23.6261    137.258
26   23.2655    134.405
27   22.5337    130.378
28   22.3283    129.697
29   21.4679    122.771
30   19.8533    115.455
31   19.8514    115.454
32   19.8514    115.454
33   19.8358    115.319
34   19.3119    110.99
35   18.3904    106.879
36   18.3661    106.786
37   18.1414    104.927
38   17.6753    102.628
39   17.6339    102.531
40   17.4718    101.166
41   17.048    98.9165
42   16.7986    97.2865
43   16.5295    95.8638
44   16.2049    93.7259
45   15.4169    88.4105
46   14.8859    86.572
47   14.8506    86.2737
48   14.5445    83.9033
49   13.9958    81.3122
50   13.9036    80.6674
51   13.7479    79.8238
52   13.5199    78.2359
53   12.9737    75.1188
54   12.7882    74.3182
55   12.7776    74.3136
56   12.7776    74.3136
57   12.7658    74.2108
58   12.3774    71.007
59   11.6939    68.0107
60   11.6896    67.9743
61   11.6808    67.9337
62   11.6707    67.8479
63   11.6498    67.7227
64   11.6422    67.7104
65   11.6422    67.7104
66   11.6422    67.7104
67   11.6422    67.7104
68   11.6422    67.7104
69   11.6422    67.7104
70   11.6357    67.6538
71   11.4354    65.9843
72   11.0225    64.1011
73   11.0065    63.978
74   10.9881    63.9005
75   10.9187    63.3278
76   10.8024    62.826
77   10.7974    62.7829
78   10.5967    61.1435
79   10.2693    59.6218
80   9.39834    52.5841
81   8.12992    47.2775
82   8.08777    46.9185
83   7.98434    46.2642
84   7.93924    46.1712
85   7.91324    45.9604
86   7.87398    45.7684
87   7.73685    44.6184
88   7.3546    42.451
89   7.22628    41.8621
90   7.09654    41.2269
91   7.0823    41.1744
92   6.9681    40.2463
93   6.7911    39.4584
94   6.67015    38.5377
95   6.30225    36.0878
96   5.82381    33.4906
97   5.65533    32.863
98   5.6258    32.6843
99   5.50471    31.714
100   5.30856    30.6939
101   5.27035    30.6502
102   5.25382    30.5106
103   5.21436    30.3029
104   5.20976    30.2996
105   5.20976    30.2996
106   5.20976    30.2996
107   5.20976    30.2996
108   5.20602    30.2671
109   5.02899    28.8308
110   4.49897    25.3252
111   3.81825    22.0662
112   3.79249    22.0567
113   3.78867    22.0242
114   3.72415    21.4969
115   3.59087    20.8509
116   3.56255    20.663
117   3.52502    20.501
118   3.52297    20.4838
119   3.51834    20.4595
120   3.51777    20.4591
121   3.51777    20.4591
122   3.51751    20.4568
123   3.50692    20.3701
124   3.4913    20.3051
125   3.4913    20.3051
126   3.4913    20.3051
127   3.48932    20.288
128   3.43602    19.8384
129   3.3257    19.201
130   3.29353    19.1544
131   3.28911    19.1172
132   3.27734    19.0608
133   3.27566    19.0462
134   3.23324    18.6881
135   3.1379    18.1509
136   3.1165    18.1253
137   3.1165    18.1253
138   3.1165    18.1253
139   3.1165    18.1253
140   3.1165    18.1253
141   3.1165    18.1253
142   3.1165    18.1253
143   3.1165    18.1253
144   3.11532    18.1151
145   3.08232    17.8372
146   2.99864    17.4398
147   2.99844    17.4382
148   2.99402    17.4006
149   2.97942    17.3281
150   2.97942    17.3281
151   2.97942    17.3281
152   2.97942    17.3281
153   2.97942    17.3281
154   2.97942    17.3281
155   2.97942    17.3281
156   2.97942    17.3281
157   2.97942    17.3281
158   2.97942    17.3281
159   2.97942    17.3281
160   2.97942    17.3281
161   2.97942    17.3281
162   2.9794    17.3279
163   2.97899    17.3244
164   2.97792    17.3186
165   2.97777    17.3185
166   2.97777    17.3185
167   2.97777    17.3185
168   2.97777    17.3185
169   2.97772    17.318
170   2.97573    17.3016
171   2.97267    17.2874
172   2.9724    17.2873
173   2.9724    17.2873
174   2.9724    17.2873
175   2.9724    17.2873
176   2.9724    17.2873
177   2.9724    17.2873
178   2.9724    17.2873
179   2.9724    17.2873
180   2.9724    17.2873
181   2.9724    17.2873
182   2.9724    17.2873
183   2.9724    17.2873
184   2.96659    17.2369
185   2.74606    15.4315
186   2.39045    13.8998
187   2.35296    13.5902
188   2.28892    13.3122
189   2.28892    13.3122
190   2.28892    13.3122
191   2.28892    13.3122
192   2.28892    13.3122
193   2.28892    13.3122
194   2.28892    13.3122
195   2.28892    13.3122
196   2.28704    13.2959
197   2.23256    12.8386
198   2.10096    12.219
199   2.10096    12.219
200   2.10096    12.219
201   2.10096    12.219
202   2.10096    12.219
203   2.10096    12.219
204   2.10096    12.219
205   2.10096    12.219
206   2.10096    12.219
207   2.10096    12.219
208   2.10096    12.219
209   2.10096    12.219
210   2.10096    12.219
211   2.10096    12.219
212   2.10096    12.219
213   2.10096    12.219
214   2.10096    12.219
215   2.10096    12.219
216   2.10096    12.219
217   2.10096    12.219
218   2.10096    12.219
219   2.10096    12.219
220   2.10096    12.219
221   2.10096    12.219
222   2.10096    12.219
223   2.10096    12.219
224   2.10096    12.219
225   2.10096    12.219
226   2.10096    12.219
227   2.10096    12.219
228   2.10096    12.219
229   2.10096    12.219
230   2.10096    12.219
231   2.10096    12.219
232   2.10096    12.219
233   2.10096    12.219
234   2.10096    12.219
235   2.10096    12.219
236   2.10096    12.219
237   2.10096    12.219
238   2.10096    12.219
239   2.10096    12.219
240   2.10096    12.219
241   2.10096    12.219
242   2.10096    12.219
243   2.10096    12.219
244   2.10096    12.219
245   2.10096    12.219
246   2.10096    12.219
247   2.10096    12.219
248   2.10096    12.219
249   2.10096    12.219
250   2.10096    12.219
251   2.10096    12.219
252   2.10096    12.219
253   2.10096    12.219
254   2.10096    12.219
255   2.10096    12.219
256   2.10096    12.219
257   2.10096    12.219
258   2.10096    12.219
259   2.10096    12.219
260   2.10096    12.219
261   2.10096    12.219
262   2.10096    12.219
263   2.10096    12.219
264   2.10096    12.219
265   2.10096    12.219
266   2.10096    12.219
267   2.10096    12.219
268   2.10096    12.219
269   2.10096    12.219
270   2.10096    12.219
271   2.10096    12.219
272   2.10096    12.219
273   2.10096    12.219
274   2.10096    12.219
275   2.10096    12.219
276   2.10096    12.219
277   2.10096    12.219
278   2.10096    12.219
279   2.10096    12.219
280   2.10096    12.219
281   2.10096    12.219
282   2.10096    12.219
283   2.10096    12.219
284   2.10096    12.219
285   2.10096    12.219
286   2.10096    12.219
287   2.10096    12.219
288   2.10096    12.219
289   2.10096    12.219
290   2.10096    12.219
291   2.10096    12.219
292   2.10096    12.219
293   2.10096    12.219
294   2.10096    12.219
295   2.10096    12.219
296   2.10096    12.219
297   2.10096    12.219
298   2.10096    12.219
299   2.10096    12.219
300   2.10096    12.219
1   63.535    360.764
2   54.7109    309.918
3   48.5296    275.472
4   45.0332    260.443
5   44.0114    254.947
6   42.6946    246.545
7   40.9561    235.404
8   38.2797    220.086
9   36.6503    211.785
10   34.8495    200.411
11   33.4921    194.55
12   32.1582    184.124
13   29.8415    171.515
14   28.4608    165.036
15   28.0757    162.79
16   27.8445    161.641
17   27.2787    157.734
18   26.7753    155.668
19   26.0786    149.907
20   24.6809    142.893
21   24.2116    140.813
22   24.2062    140.766
23   23.9918    139.076
24   23.7376    137.94
25   23.6261    137.258
26   23.2655    134.405
27   22.5337    130.378
28   22.3283    129.697
29   21.4679    122.771
30   19.8533    115.455
31   19.8514    115.454
32   19.8514    115.454
33   19.8358    115.319
34   19.3119    110.99
35   18.3904    106.879
36   18.3661    106.786
37   18.1414    104.927
38   17.6753    102.628
39   17.6339    102.531
40   17.4718    101.166
41   17.048    98.9165
42   16.7986    97.2865
43   16.5295    95.8638
44   16.2049    93.7259
45   15.4169    88.4105
46   14.8859    86.572
47   14.8506    86.2737
48   14.5445    83.9033
49   13.9958    81.3122
50   13.9036    80.6674
51   13.7479    79.8238
52   13.5199    78.2359
53   12.9737    75.1188
54   12.7882    74.3182
55   12.7776    74.3136
56   12.7776    74.3136
57   12.7658    74.2108
58   12.3774    71.007
59   11.6939    68.0107
60   11.6896    67.9743
61   11.6808    67.9337
62   11.6707    67.8479
63   11.6498    67.7227
64   11.6422    67.7104
65   11.6422    67.7104
66   11.6422    67.7104
67   11.6422    67.7104
68   11.6422    67.7104
69   11.6422    67.7104
70   11.6357    67.6538
71   11.4354    65.9843
72   11.0225    64.1011
73   11.0065    63.978
74   10.9881    63.9005
75   10.9187    63.3278
76   10.8024    62.826
77   10.7974    62.7829
78   10.5967    61.1435
79   10.2693    59.6218
80   9.39834    52.5841
81   8.12992    47.2775
82   8.08777    46.9185
83   7.98434    46.2642
84   7.93924    46.1712
85   7.91324    45.9604
86   7.87398    45.7684
87   7.73685    44.6184
88   7.3546    42.451
89   7.22628    41.8621
90   7.09654    41.2269
91   7.0823    41.1744
92   6.9681    40.2463
93   6.7911    39.4584
94   6.67015    38.5377
95   6.30225    36.0878
96   5.82381    33.4906
97   5.65533    32.863
98   5.6258    32.6843
99   5.50471    31.714
100   5.30856    30.6939
101   5.27035    30.6502
102   5.25382    30.5106
103   5.21436    30.3029
104   5.20976    30.2996
105   5.20976    30.2996
106   5.20976    30.2996
107   5.20976    30.2996
108   5.20602    30.2671
109   5.02899    28.8308
110   4.49897    25.3252
111   3.81825    22.0662
112   3.79249    22.0567
113   3.78867    22.0242
114   3.72415    21.4969
115   3.59087    20.8509
116   3.56255    20.663
117   3.52502    20.501
118   3.52297    20.4838
119   3.51834    20.4595
120   3.51777    20.4591
121   3.51777    20.4591
122   3.51751    20.4568
123   3.50692    20.3701
124   3.4913    20.3051
125   3.4913    20.3051
126   3.4913    20.3051
127   3.48932    20.288
128   3.43602    19.8384
129   3.3257    19.201
130   3.29353    19.1544
131   3.28911    19.1172
132   3.27734    19.0608
133   3.27566    19.0462
134   3.23324    18.6881
135   3.1379    18.1509
136   3.1165    18.1253
137   3.1165    18.1253
138   3.1165    18.1253
139   3.1165    18.1253
140   3.1165    18.1253
141   3.1165    18.1253
142   3.1165    18.1253
143   3.1165    18.1253
144   3.11532    18.1151
145   3.08232    17.8372
146   2.99864    17.4398
147   2.99844    17.4382
148   2.99402    17.4006
149   2.97942    17.3281
150   2.97942    17.3281
151   2.97942    17.3281
152   2.97942    17.3281
153   2.97942    17.3281
154   2.97942    17.3281
155   2.97942    17.3281
156   2.97942    17.3281
157   2.97942    17.3281
158   2.97942    17.3281
159   2.97942    17.3281
160   2.97942    17.3281
161   2.97942    17.3281
162   2.9794    17.3279
163   2.97899    17.3244
164   2.97792    17.3186
165   2.97777    17.3185
166   2.97777    17.3185
167   2.97777    17.3185
168   2.97777    17.3185
169   2.97772    17.318
170   2.97573    17.3016
171   2.97267    17.2874
172   2.9724    17.2873
173   2.9724    17.2873
174   2.9724    17.2873
175   2.9724    17.2873
176   2.9724    17.2873
177   2.9724    17.2873
178   2.9724    17.2873
179   2.9724    17.2873
180   2.9724    17.2873
181   2.9724    17.2873
182   2.9724    17.2873
183   2.9724    17.2873
184   2.96659    17.2369
185   2.74606    15.4315
186   2.39045    13.8998
187   2.35296    13.5902
188   2.28892    13.3122
189   2.28892    13.3122
190   2.28892    13.3122
191   2.28892    13.3122
192   2.28892    13.3122
193   2.28892    13.3122
194   2.28892    13.3122
195   2.28892    13.3122
196   2.28704    13.2959
197   2.23256    12.8386
198   2.10096    12.219
199   2.10096    12.219
200   2.10096    12.219
201   2.10096    12.219
202   2.10096    12.219
203   2.10096    12.219
204   2.10096    12.219
205   2.10096    12.219
206   2.10096    12.219
207   2.10096    12.219
208   2.10096    12.219
209   2.10096    12.219
210   2.10096    12.219
211   2.10096    12.219
212   2.10096    12.219
213   2.10096    12.219
214   2.10096    12.219
215   2.10096    12.219
216   2.10096    12.219
217   2.10096    12.219
218   2.10096    12.219
219   2.10096    12.219
220   2.10096    12.219
221   2.10096    12.219
222   2.10096    12.219
223   2.10096    12.219
224   2.10096    12.219
225   2.10096    12.219
226   2.10096    12.219
227   2.10096    12.219
228   2.10096    12.219
229   2.10096    12.219
230   2.10096    12.219
231   2.10096    12.219
232   2.10096    12.219
233   2.10096    12.219
234   2.10096    12.219
235   2.10096    12.219
236   2.10096    12.219
237   2.10096    12.219
238   2.10096    12.219
239   2.10096    12.219
240   2.10096    12.219
241   2.10096    12.219
242   2.10096    12.219
243   2.10096    12.219
244   2.10096    12.219
245   2.10096    12.219
246   2.10096    12.219
247   2.10096    12.219
248   2.10096    12.219
249   2.10096    12.219
250   2.10096    12.219
251   2.10096    12.219
252   2.10096    12.219
253   2.10096    12.219
254   2.10096    12.219
255   2.10096    12.219
256   2.10096    12.219
257   2.10096    12.219
258   2.10096    12.219
259   2.10096    12.219
260   2.10096    12.219
261   2.10096    12.219
262   2.10096    12.219
263   2.10096    12.219
264   2.10096    12.219
265   2.10096    12.219
266   2.10096    12.219
267   2.10096    12.219
268   2.10096    12.219
269   2.10096    12.219
270   2.10096    12.219
271   2.10096    12.219
272   2.10096    12.219
273   2.10096    12.219
274   2.10096    12.219
275   2.10096    12.219
276   2.10096    12.219
277   2.10096    12.219
278   2.10096    12.219
279   2.10096    12.219
280   2.10096    12.219
281   2.10096    12.219
282   2.10096    12.219
283   2.10096    12.219
284   2.10096    12.219
285   2.10096    12.219
286   2.10096    12.219
287   2.10096    12.219
288   2.10096    12.219
289   2.10096    12.219
290   2.10096    12.219
291   2.10096    12.219
292   2.10096    12.219
293   2.10096    12.219
294   2.10096    12.219
295   2.10096    12.219
296   2.10096    12.219
297   2.10096    12.219
298   2.10096    12.219
299   2.10096    12.219
300   2.10096    12.219
301   2.10096    12.219
302   2.10096    12.219
303   2.10096    12.219
304   2.10096    12.219
305   2.10096    12.219
306   2.10096    12.219
307   2.10096    12.219
308   2.10096    12.219
309   2.10096    12.219
310   2.10096    12.219
311   2.10096    12.219
312   2.10096    12.219
313   2.10096    12.219
314   2.10096    12.219
315   2.10096    12.219
316   2.10096    12.219
317   2.10096    12.219
318   2.10096    12.219
319   2.10096    12.219
320   2.10096    12.219
321   2.10096    12.219
322   2.10096    12.219
323   2.10096    12.219
324   2.10096    12.219
325   2.10096    12.219
326   2.10096    12.219
327   2.10096    12.219
328   2.10096    12.219
329   2.10096    12.219
330   2.10096    12.219
331   2.10096    12.219
332   2.10096    12.219
333   2.10096    12.219
334   2.10096    12.219
335   2.10096    12.219
336   2.10096    12.219
337   2.10096    12.219
338   2.10096    12.219
339   2.10096    12.219
340   2.10096    12.219
341   2.10096    12.219
342   2.10096    12.219
343   2.10096    12.219
344   2.10096    12.219
345   2.10096    12.219
346   2.10096    12.219
347   2.10096    12.219
348   2.10096    12.219
349   2.10096    12.219
350   2.10096    12.219
1   40.9551    231.85
2   34.5499    194.895
3   31.254    180.146
4   30.2272    174.532
5   29.0396    167.453
6   27.3826    156.783
7   25.7592    148.891
8   25.3152    146.543
9   24.748    143.493
10   24.1572    139.12
11   22.7943    131.542
12   21.3331    121.592
13   19.124    109.848
14   18.6214    108.124
15   18.4691    107.098
16   17.7278    101.76
17   16.7837    97.6129
18   16.781    97.5897
19   16.7046    96.9498
20   16.0331    91.6761
21   14.5117    84.2289
22   14.4632    84.0714
23   14.2778    82.6671
24   14.0096    81.2359
25   13.7599    79.8684
26   13.6525    79.3005
27   13.4791    78.0028
28   13.0137    75.1419
29   12.7615    74.0808
30   12.6093    72.9821
31   12.2122    70.6205
32   11.9863    69.6843
33   11.8169    68.2917
34   11.4545    66.3183
35   11.2533    65.2479
36   11.2092    65.1873
37   11.1604    64.7764
38   11.0497    64.2106
39   11.0195    64.031
40   10.8946    63.1405
41   10.7974    62.795
42   10.7829    62.6714
43   10.742    62.4202
44   10.7267    62.3788
45   10.6492    61.7272
46   10.2914    59.3705
47   9.94496    57.7833
48   9.88071    57.3611
49   9.85315    57.3052
50   9.84458    57.2308
51   9.72511    56.2188
52   9.3666    54.3579
53   9.34141    54.325
54   9.28989    53.8982
55   9.18518    53.2951
56   9.07962    52.7912
57   9.07687    52.7904
58   9.07687    52.7904
59   9.07659    52.788
60   9.06982    52.7324
61   9.03081    52.4411
62   8.96243    52.1146
63   8.86246    51.2729
64   8.6274    50.0859
65   8.60962    50.0709
66   8.60538    50.038
67   8.598    49.9975
68   8.59459    49.9807
69   8.55271    49.6268
70   8.43494    49.0053
71   8.41541    48.934
72   8.41348    48.9322
73   8.40784    48.8832
74   8.20337    47.1948
75   7.84876    45.6472
76   7.84296    45.5982
77   7.8261    45.512
78   7.78671    45.1813
79   7.69734    44.746
80   7.69343    44.7443
81   7.69207    44.7328
82   7.68879    44.7149
83   7.68619    44.6964
84   7.61643    44.116
85   7.48135    43.511
86   7.48135    43.511
87   7.48132    43.5107
88   7.48033    43.5025
89   7.47851    43.4945
90   7.47851    43.4945
91   7.47851    43.4945
92   7.47851    43.4945
93   7.47851    43.4945
94   7.47851    43.4945
95   7.47851    43.4945
96   7.4785    43.4943
97   7.47791    43.4894
98   7.47673    43.4838
99   7.47584    43.4765
100   7.45148    43.2698
101   7.30262    42.2255
102   7.14902    41.4978
103   7.1121    41.307
104   7.07038    41.1208
105   7.07038    41.1208
106   7.07038    41.1208
107   7.07038    41.1208
108   7.07001    41.1176
109   7.05712    41.0107
110   7.03322    40.9037
111   7.01841    40.7839
112   6.9999    40.7109
113   6.9999    40.7109
114   6.9999    40.7109
115   6.9999    40.7109
116   6.99988    40.7107
117   6.99925    40.7055
118   6.99806    40.7002
119   6.99806    40.7002
120   6.99806    40.7002
121   6.998    40.6997
122   6.99562    40.6804
123   6.99252    40.668
124   6.99252    40.668
125   6.99252    40.668
126   6.99252    40.668
127   6.99252    40.668
128   6.99252    40.668
129   6.99252    40.668
130   6.99252    40.668
131   6.99252    40.668
132   6.99252    40.668
133   6.99252    40.668
134   6.99252    40.668
135   6.99252    40.668
136   6.99252    40.668
137   6.99252    40.668
138   6.99252    40.668
139   6.99252    40.668
140   6.99252    40.668
141   6.99252    40.668
142   6.99252    40.668
143   6.99252    40.668
144   6.99252    40.668
145   6.99252    40.668
146   6.99252    40.668
147   6.99252    40.668
148   6.99252    40.668
149   6.99252    40.668
150   6.99252    40.668
151   6.99252    40.668
152   6.99252    40.668
153   6.99252    40.668
154   6.99168    40.6607
155   6.97074    40.4832
156   6.91367    40.1806
157   6.89717    40.0828
158   6.86901    39.9407
159   6.86736    39.94
160   6.86736    39.94
161   6.86736    39.94
162   6.86736    39.94
163   6.86736    39.94
164   6.86611    39.9293
165   6.82138    39.5591
166   6.7431    39.2173
167   6.7431    39.2173
168   6.7431    39.2173
169   6.74158    39.2042
170   6.69018    38.7768
171   6.60101    38.3434
172   6.5919    38.338
173   6.5919    38.338
174   6.59144    38.334
175   6.57842    38.2243
176   6.55099    38.0736
177   6.54542    38.0677
178   6.54443    38.0591
179   6.52029    37.8565
180   6.4634    37.5869
181   6.45909    37.5551
182   6.38209    36.9005
183   6.14154    35.5921
184   6.11603    35.5685
185   6.11451    35.5604
186   6.11429    35.5603
187   6.11429    35.5603
188   6.11366    35.5548
189   6.09354    35.3867
190   6.0551    35.1965
191   6.05128    35.1936
192   6.04798    35.1657
193   6.02014    34.947
194   5.96582    34.6894
195   5.96043    34.6654
196   5.96043    34.6654
197   5.96043    34.6654
198   5.96043    34.6654
199   5.96042    34.6653
200   5.95908    34.6538
201   5.92678    34.3851
202   5.85346    34.0433
203   5.85346    34.0433
204   5.85346    34.0433
205   5.85346    34.0433
206   5.85346    34.0433
207   5.85346    34.0433
208   5.85346    34.0433
209   5.85346    34.0433
210   5.85334    34.0422
211   5.84909    34.007
212   5.84132    33.9727
213   5.84132    33.9727
214   5.84132    33.9727
215   5.84132    33.9727
216   5.84132    33.9727
217   5.84132    33.9727
218   5.84106    33.9704
219   5.83194    33.8946
220   5.81452    33.8168
221   5.81452    33.8168
222   5.81452    33.8168
223   5.81452    33.8168
224   5.81452    33.8168
225   5.81452    33.8168
226   5.81452    33.8168
227   5.81452    33.8168
228   5.81452    33.8168
229   5.81452    33.8168
230   5.81452    33.8168
231   5.81452    33.8168
232   5.81452    33.8168
233   5.81452    33.8168
234   5.81452    33.8168
235   5.81452    33.8168
236   5.81452    33.8168
237   5.81452    33.8168
238   5.81452    33.8168
239   5.81452    33.8168
240   5.81452    33.8168
241   5.81452    33.8168
242   5.81452    33.8168
243   5.81452    33.8168
244   5.81452    33.8168
245   5.81452    33.8168
246   5.81452    33.8168
247   5.81452    33.8168
248   5.81452    33.8168
249   5.81452    33.8168
250   5.81452    33.8168
251   5.81452    33.8168
252   5.81452    33.8168
253   5.81452    33.8168
254   5.81452    33.8168
255   5.81452    33.8168
256   5.81452    33.8168
257   5.81452    33.8168
258   5.81452    33.8168
259   5.81452    33.8168
260   5.81452    33.8168
261   5.81452    33.8168
262   5.81452    33.8168
263   5.81452    33.8168
264   5.81452    33.8168
265   5.81452    33.8168
266   5.81452    33.8168
267   5.81452    33.8168
268   5.81452    33.8168
269   5.81452    33.8168
270   5.81452    33.8168
271   5.81452    33.8168
272   5.81452    33.8168
273   5.81452    33.8168
274   5.81123    33.7882
275   5.6926    32.8078
276   5.485    31.9003
277   5.485    31.9003
278   5.485    31.9003
279   5.485    31.9003
280   5.485    31.9003
281   5.485    31.9003
282   5.485    31.9003
283   5.485    31.9003
284   5.485    31.9003
285   5.485    31.9003
286   5.485    31.9003
287   5.485    31.9003
288   5.485    31.9003
289   5.485    31.9003
290   5.485    31.9003
291   5.485    31.9003
292   5.485    31.9003
293   5.485    31.9003
294   5.485    31.9003
295   5.485    31.9003
296   5.485    31.9003
297   5.485    31.9003
298   5.485    31.9003
299   5.485    31.9003
300   5.485    31.9003
301   5.485    31.9003
302   5.485    31.9003
303   5.485    31.9003
304   5.485    31.9003
305   5.485    31.9003
306   5.485    31.9003
307   5.485    31.9003
308   5.485    31.9003
309   5.485    31.9003
310   5.485    31.9003
311   5.485    31.9003
312   5.485    31.9003
313   5.485    31.9003
314   5.485    31.9003
315   5.485    31.9003
316   5.485    31.9003
317   5.485    31.9003
318   5.485    31.9003
319   5.485    31.9003
320   5.485    31.9003
321   5.485    31.9003
322   5.485    31.9003
323   5.485    31.9003
324   5.485    31.9003
325   5.485    31.9003
326   5.485    31.9003
327   5.485    31.9003
328   5.485    31.9003
329   5.485    31.9003
330   5.485    31.9003
331   5.485    31.9003
332   5.485    31.9003
333   5.485    31.9003
334   5.485    31.9003
335   5.485    31.9003
336   5.485    31.9003
337   5.485    31.9003
338   5.485    31.9003
339   5.485    31.9003
340   5.485    31.9003
341   5.485    31.9003
342   5.485    31.9003
343   5.485    31.9003
344   5.485    31.9003
345   5.485    31.9003
346   5.485    31.9003
347   5.485    31.9003
348   5.485    31.9003
349   5.485    31.9003
350   5.485    31.9003
1   41.3114    261.066
2   35.0446    220.444
3   30.5202    194.526
4   28.7887    185.462
5   27.4005    175.522
6   24.7748    158.29
7   22.6233    146.589
8   22.0637    142.01
9   21.0746    135.526
10   20.058    129.311
11   19.253    124.303
12   18.9521    122.81
13   18.6942    121.029
14   18.5104    120.163
15   18.3894    119.046
16   17.9686    116.023
17   17.5586    113.789
18   17.3651    112.309
19   17.1076    111.05
20   16.8847    108.992
21   16.4856    106.996
22   16.4001    106.221
23   16.067    103.871
24   15.7172    101.693
25   15.205    97.8867
26   14.2792    91.3363
27   13.6983    88.8082
28   13.331    85.782
29   12.8296    83.0425
30   12.6921    82.3804
31   12.3511    79.1818
32   11.6519    74.9839
33   11.5183    74.7605
34   11.3904    73.564
35   11.0534    71.6411
36   10.7577    69.0566
37   10.266    66.6524
38   10.1988    66.0232
39   10.0105    64.8112
40   9.76499    62.8784
41   9.40149    60.5794
42   9.12637    59.2469
43   9.1242    59.2429
44   9.10751    59.085
45   8.983    58.0164
46   8.75465    56.5564
47   8.68657    56.3692
48   8.45268    54.2156
49   8.04693    52.2493
50   8.0446    52.2267
51   7.93704    51.2299
52   7.63919    49.2475
53   7.32924    47.2441
54   7.17982    46.5953
55   7.17589    46.5936
56   7.17589    46.5936
57   7.17589    46.5936
58   7.17573    46.5921
59   7.16977    46.5362
60   7.15852    46.4603
61   7.11361    46.0635
62   7.02015    45.4987
63   7.00483    45.4828
64   7.00483    45.4828
65   7.00483    45.4828
66   7.00483    45.4828
67   7.00483    45.4828
68   7.00483    45.4828
69   7.00472    45.4818
70   7.00148    45.4511
71   6.99339    45.3983
72   6.99134    45.3953
73   6.99134    45.3953
74   6.98863    45.369
75   6.88581    44.4058
76   6.6531    43.1991
77   6.6531    43.1991
78   6.6531    43.1991
79   6.6531    43.1991
80   6.6531    43.1991
81   6.6504    43.1729
82   6.56271    42.3429
83   6.26496    40.4131
84   6.07581    39.2009
85   5.9023    37.9688
86   5.6965    36.9878
87   5.69645    36.9873
88   5.6946    36.97
89   5.69118    36.9499
90   5.69057    36.9493
91   5.68825    36.9268
92   5.60601    36.1533
93   5.4391    35.1174
94   5.4008    35.0678
95   5.4008    35.0678
96   5.39798    35.0405
97   5.29952    34.114
98   5.09831    32.8516
99   5.04914    32.7844
100   5.04914    32.7844
101   5.0489    32.7821
102   5.03826    32.6836
103   5.01958    32.5925
104   5.01958    32.5925
105   5.01958    32.5925
106   5.01958    32.5925
107   5.01958    32.5925
108   5.01958    32.5925
109   5.01958    32.5925
110   5.01958    32.5925
111   5.01958    32.5925
112   5.01609    32.5587
113   4.89405    31.4112
114   4.61821    29.7909
115   4.5829    29.7545
116   4.55447    29.4867
117   4.48949    29.1086
118   4.48218    29.1031
119   4.48218    29.1031
120   4.48218    29.1031
121   4.48216    29.103
122   4.48156    29.0973
123   4.48024    29.0905
124   4.48024    29.0905
125   4.48024    29.0905
126   4.48024    29.0905
127   4.48024    29.0905
128   4.48024    29.0905
129   4.48024    29.0905
130   4.48002    29.0884
131   4.4708    29.0027
132   4.45365    28.9165
133   4.45344    28.9165
134   4.45344    28.9165
135   4.45344    28.9165
136   4.45344    28.9165
137   4.45344    28.9165
138   4.45344    28.9165
139   4.45344    28.9165
140   4.45344    28.9165
141   4.45344    28.9165
142   4.45344    28.9165
143   4.45344    28.9165
144   4.45344    28.9165
145   4.45344    28.9165
146   4.45344    28.9165
147   4.45344    28.9165
148   4.45344    28.9165
149   4.45344    28.9165
150   4.45344    28.9165
151   4.45344    28.9165
152   4.45344    28.9165
153   4.45344    28.9165
154   4.45344    28.9165
155   4.45344    28.9165
156   4.45344    28.9165
157   4.45344    28.9165
158   4.45344    28.9165
159   4.45344    28.9165
160   4.45344    28.9165
161   4.45344    28.9165
162   4.45344    28.9165
163   4.45344    28.9165
164   4.45344    28.9165
165   4.45344    28.9165
166   4.45344    28.9165
167   4.45344    28.9165
168   4.45344    28.9165
169   4.45344    28.9165
170   4.45344    28.9165
171   4.45344    28.9165
172   4.45344    28.9165
173   4.45344    28.9165
174   4.45344    28.9165
175   4.45344    28.9165
176   4.45344    28.9165
177   4.45344    28.9165
178   4.45344    28.9165
179   4.45344    28.9165
180   4.45344    28.9165
181   4.45344    28.9165
182   4.45344    28.9165
183   4.45344    28.9165
184   4.45344    28.9165
185   4.45344    28.9165
186   4.45344    28.9165
187   4.45344    28.9165
188   4.45344    28.9165
189   4.45344    28.9165
190   4.45344    28.9165
191   4.45344    28.9165
192   4.45344    28.9165
193   4.45344    28.9165
194   4.45344    28.9165
195   4.45344    28.9165
196   4.45344    28.9165
197   4.45344    28.9165
198   4.45344    28.9165
199   4.45344    28.9165
200   4.45344    28.9165
201   4.45344    28.9165
202   4.45344    28.9165
203   4.45344    28.9165
204   4.45344    28.9165
205   4.45344    28.9165
206   4.45344    28.9165
207   4.45344    28.9165
208   4.45333    28.9155
209   4.44941    28.8786
210   4.44055    28.8281
211   4.4389    28.8211
212   4.43872    28.821
213   4.43872    28.821
214   4.43872    28.821
215   4.43872    28.821
216   4.43872    28.821
217   4.43872    28.821
218   4.43872    28.821
219   4.43872    28.821
220   4.43872    28.821
221   4.43872    28.821
222   4.43872    28.821
223   4.43872    28.821
224   4.43872    28.821
225   4.43751    28.8092
226   4.40291    28.4803
227   4.29983    27.8496
228   4.28753    27.8393
229   4.28753    27.8393
230   4.28753    27.8393
231   4.28753    27.8393
232   4.28753    27.8393
233   4.28753    27.8393
234   4.28753    27.8393
235   4.28753    27.8393
236   4.28753    27.8393
237   4.28753    27.8393
238   4.28753    27.8393
239   4.28753    27.8393
240   4.28753    27.8393
241   4.28753    27.8393
242   4.28753    27.8393
243   4.28753    27.8393
244   4.28753    27.8393
245   4.28753    27.8393
246   4.28753    27.8393
247   4.28753    27.8393
248   4.28753    27.8393
249   4.28753    27.8393
250   4.28753    27.8393
251   4.28753    27.8393
252   4.28753    27.8393
253   4.28753    27.8393
254   4.28753    27.8393
255   4.28753    27.8393
256   4.28753    27.8393
257   4.28753    27.8393
258   4.28753    27.8393
259   4.28753    27.8393
260   4.28753    27.8393
261   4.28753    27.8393
262   4.28753    27.8393
263   4.28753    27.8393
264   4.28753    27.8393
265   4.28753    27.8393
266   4.28753    27.8393
267   4.28753    27.8393
268   4.28753    27.8393
269   4.28753    27.8393
270   4.28753    27.8393
271   4.28753    27.8393
272   4.28753    27.8393
273   4.28753    27.8393
274   4.28753    27.8393
275   4.28753    27.8393
276   4.28753    27.8393
277   4.28753    27.8393
278   4.28753    27.8393
279   4.28753    27.8393
280   4.28753    27.8393
281   4.28753    27.8393
282   4.28753    27.8393
283   4.28753    27.8393
284   4.28753    27.8393
285   4.28753    27.8393
286   4.28753    27.8393
287   4.28753    27.8393
288   4.28753    27.8393
289   4.28753    27.8393
290   4.28753    27.8393
291   4.28753    27.8393
292   4.28753    27.8393
293   4.28753    27.8393
294   4.28753    27.8393
295   4.28753    27.8393
296   4.28753    27.8393
297   4.28753    27.8393
298   4.28753    27.8393
299   4.28753    27.8393
300   4.28753    27.8393
301   4.28753    27.8393
302   4.28753    27.8393
303   4.28753    27.8393
304   4.28753    27.8393
305   4.28753    27.8393
306   4.28753    27.8393
307   4.28753    27.8393
308   4.28753    27.8393
309   4.28753    27.8393
310   4.28753    27.8393
311   4.28753    27.8393
312   4.28753    27.8393
313   4.28753    27.8393
314   4.28753    27.8393
315   4.28753    27.8393
316   4.28753    27.8393
317   4.28753    27.8393
318   4.28753    27.8393
319   4.28753    27.8393
320   4.28753    27.8393
321   4.28753    27.8393
322   4.28753    27.8393
323   4.28753    27.8393
324   4.28753    27.8393
325   4.28753    27.8393
326   4.28753    27.8393
327   4.28753    27.8393
328   4.28753    27.8393
329   4.28753    27.8393
330   4.28753    27.8393
331   4.28753    27.8393
332   4.28753    27.8393
333   4.28753    27.8393
334   4.28753    27.8393
335   4.28753    27.8393
336   4.28753    27.8393
337   4.28753    27.8393
338   4.28753    27.8393
339   4.28649    27.8292
340   4.25534    27.5336
341   4.16468    27.0006
342   4.15773    26.9964
343   4.15773    26.9964
344   4.15773    26.9964
345   4.15773    26.9964
346   4.15773    26.9964
347   4.15773    26.9964
348   4.15773    26.9964
349   4.15773    26.9964
350   4.15773    26.9964
1   63.7014    404.299
2   55.7976    353.095
3   49.7844    315.377
4   45.8551    296.009
5   44.3193    286.237
6   43.4089    281.558
7   42.0747    269.686
8   40.1789    260.786
9   39.939    258.779
10   39.1082    252.61
11   38.0783    246.521
12   37.5066    242.975
13   36.5308    235.388
14   35.0987    227.515
15   34.5656    223.207
16   33.683    218.421
17   33.4848    216.955
18   32.8065    212.304
19   31.9444    205.859
20   30.977    201.091
21   30.8476    199.975
22   30.6084    198.45
23   30.4524    197.435
24   30.0785    194.508
25   29.1782    187.878
26   27.3172    174.903
27   25.839    167.595
28   24.7612    157.783
29   23.055    149.085
30   22.7898    147.493
31   22.3615    145.078
32   22.2623    144.285
33   21.9328    142.074
34   21.8436    141.756
35   21.4627    138.425
36   20.8213    135.1
37   20.7738    134.884
38   20.7429    134.593
39   20.5376    132.918
40   20.1331    130.52
41   20.0235    129.961
42   19.7338    127.217
43   18.9664    122.038
44   18.6408    120.795
45   18.4255    119.331
46   18.0783    116.484
47   17.208    111.21
48   17.0483    110.629
49   17.0337    110.592
50   16.9527    109.821
51   16.7377    108.375
52   16.6603    108.129
53   16.1879    103.672
54   14.9906    96.5189
55   14.8346    96.2951
56   14.8137    96.1463
57   14.8042    96.1239
58   14.8003    96.0885
59   14.7923    96.0417
60   14.7854    95.9948
61   14.7838    95.992
62   14.778    95.9366
63   14.6313    94.541
64   14.2116    91.7809
65   14.1132    91.6379
66   14.1129    91.6353
67   14.1026    91.5389
68   14.0802    91.4241
69   14.0802    91.4241
70   14.0741    91.3643
71   13.9064    89.7683
72   13.4115    86.5564
73   13.3099    86.4224
74   13.3099    86.4224
75   13.3099    86.4224
76   13.3099    86.4221
77   13.3092    86.4156
78   13.307    86.4008
79   13.3065    86.4002
80   13.3005    86.3417
81   13.1045    84.4901
82   12.5753    81.5217
83   12.5537    81.5121
84   12.5537    81.5121
85   12.5537    81.5121
86   12.5537    81.5121
87   12.5537    81.5121
88   12.5537    81.5121
89   12.5537    81.5121
90   12.5537    81.5121
91   12.5537    81.5121
92   12.5482    81.459
93   12.3347    79.4626
94   11.89    76.9001
95   10.838    67.6813
96   9.33256    60.4968
97   9.17885    59.4029
98   9.06979    58.8908
99   9.06979    58.8908
100   9.06881    58.8814
101   9.02926    58.5122
102   8.94811    58.1007
103   8.94811    58.1007
104   8.94811    58.1007
105   8.94811    58.1007
106   8.94715    58.0914
107   8.91039    57.7466
108   8.82084    57.2557
109   8.80928    57.1993
110   8.80928    57.1993
111   8.80928    57.1993
112   8.80928    57.1993
113   8.7991    57.1006
114   8.46303    53.9506
115   7.68378    49.5633
116   7.57814    49.0485
117   7.43785    48.254
118   7.4312    48.2513
119   7.4312    48.2513
120   7.4312    48.2513
121   7.4312    48.2513
122   7.4312    48.2513
123   7.4312    48.2513
124   7.4312    48.2513
125   7.4312    48.2513
126   7.43119    48.2512
127   7.43064    48.2461
128   7.42938    48.2388
129   7.42926    48.2387
130   7.42926    48.2387
131   7.42926    48.2387
132   7.42926    48.2387
133   7.42926    48.2387
134   7.42926    48.2387
135   7.42926    48.2387
136   7.42926    48.2387
137   7.42926    48.2387
138   7.42926    48.2387
139   7.42926    48.2387
140   7.42837    48.2301
141   7.38822    47.8588
142   7.31852    47.5197
143   7.31852    47.5197
144   7.31852    47.5197
145   7.31852    47.5197
146   7.31852    47.5197
147   7.31852    47.5197
148   7.31852    47.5197
149   7.31852    47.5197
150   7.31852    47.5197
151   7.31847    47.5192
152   7.31685    47.5039
153   7.31361    47.4816
154   7.3122    47.4786
155   7.3122    47.4786
156   7.3122    47.4786
157   7.3122    47.4786
158   7.3122    47.4786
159   7.3122    47.4786
160   7.3122    47.4786
161   7.3122    47.4786
162   7.3122    47.4786
163   7.3122    47.4786
164   7.3122    47.4786
165   7.3122    47.4786
166   7.31145    47.4713
167   7.27915    47.1713
168   7.21832    46.8691
169   7.21801    46.8661
170   7.21163    46.8081
171   7.2022    46.7644
172   7.2022    46.7644
173   7.2022    46.7644
174   7.2022    46.7644
175   7.20105    46.7533
176   7.15912    46.3591
177   7.06676    45.8377
178   7.05872    45.8328
179   7.05872    45.8328
180   7.05872    45.8328
181   7.05872    45.8328
182   7.05872    45.8328
183   7.05872    45.8328
184   7.05872    45.8328
185   7.05872    45.8328
186   7.05872    45.8328
187   7.05872    45.8328
188   7.05872    45.8328
189   7.05872    45.8328
190   7.05872    45.8328
191   7.05872    45.8328
192   7.05872    45.8328
193   7.05872    45.8328
194   7.05872    45.8328
195   7.05639    45.8101
196   7.00029    45.274
197   6.86237    44.213
198   6.76654    43.9356
199   6.76654    43.9356
200   6.76654    43.9356
201   6.76654    43.9356
202   6.76654    43.9356
203   6.76654    43.9356
204   6.76654    43.9356
205   6.76654    43.9356
206   6.76654    43.9356
207   6.76654    43.9356
208   6.76654    43.9356
209   6.76654    43.9356
210   6.76654    43.9356
211   6.76654    43.9356
212   6.76654    43.9356
213   6.76654    43.9356
214   6.76654    43.9356
215   6.76654    43.9356
216   6.76646    43.9348
217   6.76388    43.9104
218   6.75751    43.8713
219   6.75646    43.8702
220   6.75646    43.8702
221   6.75646    43.8702
222   6.75646    43.8702
223   6.75634    43.8691
224   6.75166    43.8252
225   6.74181    43.7751
226   6.74181    43.7751
227   6.74181    43.7751
228   6.74181    43.7751
229   6.74181    43.7751
230   6.74181    43.7751
231   6.74181    43.7751
232   6.74181    43.7751
233   6.74181    43.7751
234   6.74181    43.7751
235   6.74181    43.7751
236   6.74181    43.7751
237   6.74181    43.7751
238   6.74181    43.7751
239   6.74181    43.7751
240   6.74181    43.7751
241   6.74181    43.7751
242   6.74181    43.7751
243   6.74181    43.7751
244   6.74181    43.7751
245   6.74181    43.7751
246   6.74181    43.7751
247   6.74181    43.7751
248   6.74181    43.7751
249   6.74181    43.7751
250   6.74181    43.7751
251   6.74181    43.7751
252   6.74181    43.7751
253   6.74181    43.7751
254   6.74181    43.7751
255   6.74181    43.7751
256   6.74181    43.7751
257   6.74181    43.7751
258   6.74181    43.7751
259   6.74181    43.7751
260   6.74181    43.7751
261   6.74181    43.7751
262   6.74181    43.7751
263   6.74181    43.7751
264   6.74181    43.7751
265   6.74181    43.7751
266   6.74181    43.7751
267   6.74181    43.7751
268   6.74181    43.7751
269   6.74181    43.7751
270   6.74181    43.7751
271   6.74181    43.7751
272   6.74181    43.7751
273   6.74181    43.7751
274   6.74181    43.7751
275   6.74181    43.7751
276   6.74181    43.7751
277   6.74181    43.7751
278   6.74181    43.7751
279   6.74181    43.7751
280   6.74181    43.7751
281   6.74181    43.7751
282   6.74181    43.7751
283   6.74181    43.7751
284   6.74181    43.7751
285   6.74181    43.7751
286   6.74181    43.7751
287   6.74181    43.7751
288   6.74181    43.7751
289   6.74181    43.7751
290   6.74181    43.7751
291   6.74181    43.7751
292   6.74181    43.7751
293   6.74181    43.7751
294   6.74181    43.7751
295   6.74181    43.7751
296   6.74181    43.7751
297   6.74176    43.7746
298   6.74167    43.774
299   6.73972    43.7553
300   6.67429    43.1381
301   6.50161    42.212
302   6.50107    42.2119
303   6.50107    42.2119
304   6.50107    42.2119
305   6.50107    42.2119
306   6.50107    42.2119
307   6.50107    42.2119
308   6.50107    42.2119
309   6.50107    42.2119
310   6.50107    42.2119
311   6.50107    42.2119
312   6.50107    42.2119
313   6.50107    42.2119
314   6.50107    42.2119
315   6.50107    42.2119
316   6.50107    42.2119
317   6.50107    42.2119
318   6.50107    42.2119
319   6.50107    42.2119
320   6.50107    42.2119
321   6.50107    42.2119
322   6.50107    42.2119
323   6.50107    42.2119
324   6.50107    42.2119
325   6.50107    42.2119
326   6.50056    42.207
327   6.48537    42.0627
328   6.43939    41.8013
329   6.43775    41.8008
330   6.43775    41.8008
331   6.43775    41.8008
332   6.43775    41.8008
333   6.43775    41.8008
334   6.43632    41.7869
335   6.37482    41.2158
336   6.26531    40.6427
337   6.25899    40.6401
338   6.25899    40.6401
339   6.25899    40.6401
340   6.25899    40.6401
341   6.25899    40.6401
342   6.25899    40.6401
343   6.25899    40.6401
344   6.25899    40.6401
345   6.25899    40.6401
346   6.25899    40.6401
347   6.25899    40.6401
348   6.25899    40.6401
349   6.25899    40.6401
350   6.25899    40.6401
1   63.535    360.764
2   54.7109    309.918
3   48.5296    275.472
4   45.0332    260.443
5   44.0114    254.947
6   42.6946    246.545
7   40.9561    235.404
8   38.2797    220.086
9   36.6503    211.785
10   34.8495    200.411
11   33.4921    194.55
12   32.1582    184.124
13   29.8415    171.515
14   28.4608    165.036
15   28.0757    162.79
16   27.8445    161.641
17   27.2787    157.734
18   26.7753    155.668
19   26.0786    149.907
20   24.6809    142.893
21   24.2116    140.813
22   24.2062    140.766
23   23.9918    139.076
24   23.7376    137.94
25   23.6261    137.258
26   23.2655    134.405
27   22.5337    130.378
28   22.3283    129.697
29   21.4679    122.771
30   19.8533    115.455
31   19.8514    115.454
32   19.8514    115.454
33   19.8358    115.319
34   19.3119    110.99
35   18.3904    106.879
36   18.3661    106.786
37   18.1414    104.927
38   17.6753    102.628
39   17.6339    102.531
40   17.4718    101.166
41   17.048    98.9165
42   16.7986    97.2865
43   16.5295    95.8638
44   16.2049    93.7259
45   15.4169    88.4105
46   14.8859    86.572
47   14.8506    86.2737
48   14.5445    83.9033
49   13.9958    81.3122
50   13.9036    80.6674
51   13.7479    79.8238
52   13.5199    78.2359
53   12.9737    75.1188
54   12.7882    74.3182
55   12.7776    74.3136
56   12.7776    74.3136
57   12.7658    74.2108
58   12.3774    71.007
59   11.6939    68.0107
60   11.6896    67.9743
61   11.6808    67.9337
62   11.6707    67.8479
63   11.6498    67.7227
64   11.6422    67.7104
65   11.6422    67.7104
66   11.6422    67.7104
67   11.6422    67.7104
68   11.6422    67.7104
69   11.6422    67.7104
70   11.6357    67.6538
71   11.4354    65.9843
72   11.0225    64.1011
73   11.0065    63.978
74   10.9881    63.9005
75   10.9187    63.3278
76   10.8024    62.826
77   10.7974    62.7829
78   10.5967    61.1435
79   10.2693    59.6218
80   9.39834    52.5841
81   8.12992    47.2775
82   8.08777    46.9185
83   7.98434    46.2642
84   7.93924    46.1712
85   7.91324    45.9604
86   7.87398    45.7684
87   7.73685    44.6184
88   7.3546    42.451
89   7.22628    41.8621
90   7.09654    41.2269
91   7.0823    41.1744
92   6.9681    40.2463
93   6.7911    39.4584
94   6.67015    38.5377
95   6.30225    36.0878
96   5.82381    33.4906
97   5.65533    32.863
98   5.6258    32.6843
99   5.50471    31.714
100   5.30856    30.6939
101   5.27035    30.6502
102   5.25382    30.5106
103   5.21436    30.3029
104   5.20976    30.2996
105   5.20976    30.2996
106   5.20976    30.2996
107   5.20976    30.2996
108   5.20602    30.2671
109   5.02899    28.8308
110   4.49897    25.3252
111   3.81825    22.0662
112   3.79249    22.0567
113   3.78867    22.0242
114   3.72415    21.4969
115   3.59087    20.8509
116   3.56255    20.663
117   3.52502    20.501
118   3.52297    20.4838
119   3.51834    20.4595
120   3.51777    20.4591
121   3.51777    20.4591
122   3.51751    20.4568
123   3.50692    20.3701
124   3.4913    20.3051
125   3.4913    20.3051
126   3.4913    20.3051
127   3.48932    20.288
128   3.43602    19.8384
129   3.3257    19.201
130   3.29353    19.1544
131   3.28911    19.1172
132   3.27734    19.0608
133   3.27566    19.0462
134   3.23324    18.6881
135   3.1379    18.1509
136   3.1165    18.1253
137   3.1165    18.1253
138   3.1165    18.1253
139   3.1165    18.1253
140   3.1165    18.1253
141   3.1165    18.1253
142   3.1165    18.1253
143   3.1165    18.1253
144   3.11532    18.1151
145   3.08232    17.8372
146   2.99864    17.4398
147   2.99844    17.4382
148   2.99402    17.4006
149   2.97942    17.3281
150   2.97942    17.3281
151   2.97942    17.3281
152   2.97942    17.3281
153   2.97942    17.3281
154   2.97942    17.3281
155   2.97942    17.3281
156   2.97942    17.3281
157   2.97942    17.3281
158   2.97942    17.3281
159   2.97942    17.3281
160   2.97942    17.3281
161   2.97942    17.3281
162   2.9794    17.3279
163   2.97899    17.3244
164   2.97792    17.3186
165   2.97777    17.3185
166   2.97777    17.3185
167   2.97777    17.3185
168   2.97777    17.3185
169   2.97772    17.318
170   2.97573    17.3016
171   2.97267    17.2874
172   2.9724    17.2873
173   2.9724    17.2873
174   2.9724    17.2873
175   2.9724    17.2873
176   2.9724    17.2873
177   2.9724    17.2873
178   2.9724    17.2873
179   2.9724    17.2873
180   2.9724    17.2873
181   2.9724    17.2873
182   2.9724    17.2873
183   2.9724    17.2873
184   2.96659    17.2369
185   2.74606    15.4315
186   2.39045    13.8998
187   2.35296    13.5902
188   2.28892    13.3122
189   2.28892    13.3122
190   2.28892    13.3122
191   2.28892    13.3122
192   2.28892    13.3122
193   2.28892    13.3122
194   2.28892    13.3122
195   2.28892    13.3122
196   2.28704    13.2959
197   2.23256    12.8386
198   2.10096    12.219
199   2.10096    12.219
200   2.10096    12.219
201   2.10096    12.219
202   2.10096    12.219
203   2.10096    12.219
204   2.10096    12.219
205   2.10096    12.219
206   2.10096    12.219
207   2.10096    12.219
208   2.10096    12.219
209   2.10096    12.219
210   2.10096    12.219
211   2.10096    12.219
212   2.10096    12.219
213   2.10096    12.219
214   2.10096    12.219
215   2.10096    12.219
216   2.10096    12.219
217   2.10096    12.219
218   2.10096    12.219
219   2.10096    12.219
220   2.10096    12.219
221   2.10096    12.219
222   2.10096    12.219
223   2.10096    12.219
224   2.10096    12.219
225   2.10096    12.219
226   2.10096    12.219
227   2.10096    12.219
228   2.10096    12.219
229   2.10096    12.219
230   2.10096    12.219
231   2.10096    12.219
232   2.10096    12.219
233   2.10096    12.219
234   2.10096    12.219
235   2.10096    12.219
236   2.10096    12.219
237   2.10096    12.219
238   2.10096    12.219
239   2.10096    12.219
240   2.10096    12.219
241   2.10096    12.219
242   2.10096    12.219
243   2.10096    12.219
244   2.10096    12.219
245   2.10096    12.219
246   2.10096    12.219
247   2.10096    12.219
248   2.10096    12.219
249   2.10096    12.219
250   2.10096    12.219
251   2.10096    12.219
252   2.10096    12.219
253   2.10096    12.219
254   2.10096    12.219
255   2.10096    12.219
256   2.10096    12.219
257   2.10096    12.219
258   2.10096    12.219
259   2.10096    12.219
260   2.10096    12.219
261   2.10096    12.219
262   2.10096    12.219
263   2.10096    12.219
264   2.10096    12.219
265   2.10096    12.219
266   2.10096    12.219
267   2.10096    12.219
268   2.10096    12.219
269   2.10096    12.219
270   2.10096    12.219
271   2.10096    12.219
272   2.10096    12.219
273   2.10096    12.219
274   2.10096    12.219
275   2.10096    12.219
276   2.10096    12.219
277   2.10096    12.219
278   2.10096    12.219
279   2.10096    12.219
280   2.10096    12.219
281   2.10096    12.219
282   2.10096    12.219
283   2.10096    12.219
284   2.10096    12.219
285   2.10096    12.219
286   2.10096    12.219
287   2.10096    12.219
288   2.10096    12.219
289   2.10096    12.219
290   2.10096    12.219
291   2.10096    12.219
292   2.10096    12.219
293   2.10096    12.219
294   2.10096    12.219
295   2.10096    12.219
296   2.10096    12.219
297   2.10096    12.219
298   2.10096    12.219
299   2.10096    12.219
300   2.10096    12.219
