# VELOCITY:     AVE_POFV:        ERROR:
   0.0763035  0.00282134           0
     0.22891  0.00700783           0
    0.381517    0.056275           0
    0.534124    0.127992           0
    0.686731    0.209113           0
    0.839338    0.237296           0
    0.991945    0.324696           0
     1.14455    0.408123           0
     1.29716    0.376026           0
     1.44977    0.547643           0
     1.60237    0.640898           0
     1.75498     0.55189           0
     1.90759    0.449654           0
     2.06019    0.525588           0
      2.2128    0.375511           0
     2.36541    0.310893           0
     2.51802     0.33225           0
     2.67062    0.244394           0
     2.82323    0.278766           0
     2.97584    0.118162           0
     3.12844    0.103479           0
     3.28105    0.143615           0
     3.43366    0.110578           0
     3.58626   0.0497223           0
     3.73887 0.000273033           0
     3.89148   0.0159876           0
     4.04408  0.00412582           0
     4.19669           0           0
      4.3493           0           0
     4.50191           0           0
   0.0763035    0.001441 0.000976041
     0.22891  0.00661345 0.000278869
    0.381517   0.0750991   0.0133106
    0.534124     0.13192  0.00277796
    0.686731    0.210584   0.0010404
    0.839338    0.247367  0.00712188
    0.991945    0.318856  0.00412941
     1.14455    0.356292   0.0366498
     1.29716    0.425203   0.0347728
     1.44977    0.465475   0.0581013
     1.60237    0.615658   0.0178476
     1.75498    0.563175  0.00797994
     1.90759    0.468569    0.013375
     2.06019    0.465733   0.0423237
      2.2128    0.385947   0.0073793
     2.36541    0.380289   0.0490702
     2.51802     0.34487  0.00892381
     2.67062    0.270985   0.0188022
     2.82323    0.268937  0.00695027
     2.97584    0.152959   0.0246048
     3.12844    0.109425  0.00420449
     3.28105    0.131207  0.00877365
     3.43366    0.105724  0.00343223
     3.58626   0.0344779   0.0107794
     3.73887 0.000530897 0.000182337
     3.89148  0.00988984  0.00431174
     4.04408  0.00497526 0.000600641
     4.19669 0.000576402 0.000407578
      4.3493           0           0
     4.50191           0           0
   0.0763035   0.0015573 0.000657586
     0.22891   0.0100618  0.00282166
    0.381517   0.0758424  0.00889448
    0.534124    0.143018  0.00924901
    0.686731    0.186946   0.0193124
    0.839338    0.240076  0.00761457
    0.991945    0.326921  0.00713701
     1.14455    0.368826     0.02649
     1.29716    0.462204   0.0380804
     1.44977    0.471952   0.0390935
     1.60237    0.547238   0.0571177
     1.75498    0.538329   0.0209726
     1.90759    0.504736   0.0308468
     2.06019    0.478666   0.0301273
      2.2128    0.400508   0.0128672
     2.36541    0.374995   0.0329978
     2.51802    0.333595   0.0109612
     2.67062     0.28538   0.0171832
     2.82323    0.243788   0.0210506
     2.97584    0.162626   0.0182036
     3.12844    0.112135  0.00357116
     3.28105    0.122743  0.00905382
     3.43366   0.0918906   0.0115246
     3.58626   0.0368189   0.0074361
     3.73887  0.00669435  0.00503391
     3.89148   0.0125494  0.00360252
     4.04408  0.00733143  0.00196504
     4.19669   0.0041865  0.00296013
      4.3493  0.00116292 0.000949517
     4.50191           0           0
   0.0763035   0.0018278 0.000545999
     0.22891   0.0167157  0.00613875
    0.381517   0.0751143  0.00670059
    0.534124    0.157032   0.0139784
    0.686731    0.184107   0.0146915
    0.839338     0.21559   0.0219619
    0.991945    0.302596   0.0217356
     1.14455    0.394047   0.0295255
     1.29716    0.457094    0.028901
     1.44977    0.479953   0.0301279
     1.60237    0.570198    0.047228
     1.75498    0.551829   0.0195985
     1.90759    0.530889   0.0323762
     2.06019    0.482251   0.0228077
      2.2128    0.381222   0.0192902
     2.36541    0.361002    0.027556
     2.51802    0.287867   0.0404458
     2.67062    0.266252   0.0209876
     2.82323    0.245358   0.0158464
     2.97584    0.179875   0.0202372
     3.12844    0.117942  0.00569777
     3.28105    0.134848   0.0124899
     3.43366   0.0815685   0.0124346
     3.58626   0.0380653  0.00568056
     3.73887  0.00980642  0.00463871
     3.89148   0.0151078  0.00349419
     4.04408  0.00812272  0.00162531
     4.19669  0.00453537  0.00224056
      4.3493  0.00196432 0.000994396
     4.50191           0           0
   0.0763035  0.00231168 0.000614899
     0.22891   0.0190031  0.00532013
    0.381517   0.0749141  0.00536347
    0.534124    0.150938     0.01244
    0.686731    0.170524    0.016904
    0.839338    0.232442   0.0231492
    0.991945    0.298679   0.0177378
     1.14455    0.396122   0.0236932
     1.29716    0.447082   0.0247946
     1.44977    0.490591   0.0259123
     1.60237    0.562423   0.0384172
     1.75498    0.582275   0.0314229
     1.90759    0.528706   0.0259744
     2.06019    0.488692   0.0191339
      2.2128    0.382088   0.0154516
     2.36541    0.372914   0.0244844
     2.51802    0.278772   0.0333636
     2.67062    0.256675   0.0188491
     2.82323    0.239571    0.013693
     2.97584    0.178594   0.0162303
     3.12844    0.111045  0.00767029
     3.28105    0.126293   0.0125853
     3.43366   0.0709703   0.0137409
     3.58626   0.0448137  0.00755548
     3.73887   0.0163213   0.0069084
     3.89148   0.0174316   0.0034834
     4.04408  0.00739008  0.00145604
     4.19669   0.0036283  0.00196751
      4.3493  0.00157145 0.000869667
     4.50191           0           0
   0.0763035   0.0066539  0.00399688
     0.22891   0.0198909  0.00450692
    0.381517   0.0768536  0.00480747
    0.534124    0.135601   0.0174212
    0.686731     0.16248   0.0158858
    0.839338    0.231178   0.0193254
    0.991945    0.311308   0.0187453
     1.14455     0.40605   0.0217252
     1.29716    0.454341    0.021699
     1.44977    0.509362   0.0275667
     1.60237    0.550449   0.0338289
     1.75498     0.56813   0.0291964
     1.90759    0.563772   0.0386416
     2.06019    0.472356   0.0218315
      2.2128    0.385446   0.0132363
     2.36541    0.368017   0.0208875
     2.51802    0.282093   0.0279678
     2.67062    0.239434   0.0222356
     2.82323    0.224134   0.0181322
     2.97584    0.177345   0.0135732
     3.12844    0.105527  0.00813835
     3.28105    0.123193   0.0108627
     3.43366   0.0702149   0.0114715
     3.58626    0.047629  0.00680054
     3.73887   0.0248409  0.00967625
     3.89148   0.0230106  0.00586206
     4.04408  0.00831232  0.00147683
     4.19669  0.00384774  0.00165178
      4.3493  0.00130954 0.000763142
     4.50191           0           0
   0.0763035  0.00626241  0.00344501
     0.22891   0.0256044  0.00655008
    0.381517   0.0806009   0.0053867
    0.534124    0.124828   0.0179571
    0.686731    0.162766    0.013619
    0.839338    0.231003   0.0165655
    0.991945    0.331353   0.0245475
     1.14455    0.407282   0.0186565
     1.29716    0.475562   0.0270539
     1.44977    0.537055    0.034866
     1.60237    0.545922   0.0292975
     1.75498     0.55368   0.0283771
     1.90759    0.546091   0.0369456
     2.06019    0.464199   0.0201794
      2.2128    0.368195   0.0195907
     2.36541    0.354981   0.0215917
     2.51802    0.275308   0.0247818
     2.67062    0.239805   0.0190622
     2.82323    0.219111   0.0162229
     2.97584    0.166905   0.0151251
     3.12844    0.109369  0.00783025
     3.28105    0.131901   0.0123158
     3.43366   0.0731727    0.010207
     3.58626   0.0519282  0.00705834
     3.73887   0.0269175  0.00851384
     3.89148    0.025457  0.00551153
     4.04408   0.0112853  0.00302961
     4.19669  0.00496659  0.00175429
      4.3493  0.00126982 0.000655155
     4.50191           0           0
   0.0763035  0.00547961  0.00310205
     0.22891   0.0255399  0.00573164
    0.381517   0.0807418   0.0047152
    0.534124    0.120362   0.0162584
    0.686731    0.173747   0.0157326
    0.839338    0.224812   0.0156088
    0.991945    0.325614   0.0221398
     1.14455    0.407581   0.0163268
     1.29716    0.472384   0.0238581
     1.44977    0.554537    0.034614
     1.60237    0.548776    0.025774
     1.75498     0.54181   0.0271993
     1.90759    0.533494   0.0344079
     2.06019    0.456093    0.019216
      2.2128    0.370016   0.0172263
     2.36541    0.368218   0.0225889
     2.51802    0.280207   0.0221631
     2.67062    0.242514   0.0168708
     2.82323     0.22339   0.0147486
     2.97584    0.171601   0.0139443
     3.12844    0.106881    0.007236
     3.28105    0.124943   0.0125894
     3.43366   0.0700746  0.00938952
     3.58626    0.049362  0.00662614
     3.73887   0.0343907   0.0102159
     3.89148   0.0240837  0.00499075
     4.04408    0.010671  0.00271248
     4.19669  0.00434577  0.00164118
      4.3493  0.00111109 0.000592176
     4.50191           0           0
   0.0763035   0.0052011  0.00276985
     0.22891   0.0264167  0.00516142
    0.381517   0.0813334  0.00422824
    0.534124    0.118253    0.014588
    0.686731    0.179612   0.0150378
    0.839338     0.23139   0.0151975
    0.991945    0.322532   0.0198932
     1.14455    0.408066   0.0145199
     1.29716    0.458981   0.0246865
     1.44977    0.544022   0.0323255
     1.60237    0.541036   0.0240445
     1.75498    0.537146   0.0245738
     1.90759    0.514087   0.0356404
     2.06019    0.455779   0.0170834
      2.2128    0.387002   0.0221568
     2.36541    0.386702   0.0265864
     2.51802    0.296999   0.0252733
     2.67062    0.244833   0.0151548
     2.82323    0.223553   0.0131108
     2.97584    0.171788   0.0123962
     3.12844    0.107518  0.00645995
     3.28105    0.120616   0.0119108
     3.43366    0.065966  0.00920132
     3.58626   0.0468402  0.00635166
     3.73887    0.034456  0.00908099
     3.89148   0.0269392   0.0051892
     4.04408   0.0098022  0.00254644
     4.19669  0.00449661  0.00146575
      4.3493  0.00141572 0.000599637
     4.50191           0           0
   0.0763035  0.00502683  0.00249834
     0.22891   0.0264842  0.00464572
    0.381517   0.0796921  0.00411162
    0.534124     0.12133   0.0134496
    0.686731    0.178111   0.0136087
    0.839338    0.239107   0.0155137
    0.991945    0.332362    0.020187
     1.14455    0.399616   0.0153304
     1.29716    0.462611   0.0224832
     1.44977    0.541232   0.0292131
     1.60237    0.545203   0.0219983
     1.75498    0.528712   0.0235191
     1.90759    0.508508     0.03251
     2.06019    0.439352    0.021892
      2.2128    0.388374   0.0199835
     2.36541    0.390998   0.0242724
     2.51802    0.294478   0.0228713
     2.67062    0.250146   0.0145411
     2.82323    0.230263   0.0134075
     2.97584    0.169705   0.0113303
     3.12844    0.111664  0.00701982
     3.28105    0.121123   0.0107305
     3.43366    0.067169  0.00835946
     3.58626   0.0447136  0.00606206
     3.73887   0.0381669  0.00889886
     3.89148    0.024488   0.0052172
     4.04408  0.00882198  0.00247327
     4.19669  0.00404695  0.00138643
      4.3493  0.00127415 0.000556135
     4.50191           0           0
   0.0763035  0.00456985  0.00231264
     0.22891   0.0243275  0.00469738
    0.381517   0.0775964  0.00423843
    0.534124    0.119158    0.012401
    0.686731    0.184371   0.0137361
    0.839338    0.249651   0.0173199
    0.991945    0.329934   0.0184974
     1.14455    0.399662   0.0139368
     1.29716    0.466792   0.0208243
     1.44977    0.533812   0.0274837
     1.60237    0.537491   0.0213076
     1.75498    0.515033   0.0250451
     1.90759    0.511911   0.0297322
     2.06019    0.427809   0.0227422
      2.2128     0.39593   0.0195435
     2.36541    0.381644   0.0237998
     2.51802    0.294078   0.0207956
     2.67062      0.2641   0.0187548
     2.82323    0.240368   0.0155364
     2.97584     0.18064   0.0146561
     3.12844    0.116935  0.00812295
     3.28105      0.1168   0.0105901
     3.43366   0.0671246  0.00759963
     3.58626   0.0425021   0.0059006
     3.73887   0.0348599  0.00868263
     3.89148   0.0226672  0.00505064
     4.04408  0.00817719  0.00233096
     4.19669  0.00367904  0.00130829
      4.3493  0.00115832   0.0005175
     4.50191           0           0
   0.0763035  0.00418903  0.00215104
     0.22891   0.0242645  0.00430635
    0.381517   0.0827617  0.00628905
    0.534124    0.118582   0.0113809
    0.686731    0.187224   0.0128843
    0.839338    0.255417   0.0168089
    0.991945     0.32838   0.0170211
     1.14455    0.397396   0.0129582
     1.29716    0.459314   0.0203874
     1.44977    0.521158   0.0279548
     1.60237     0.52965   0.0209248
     1.75498    0.508584   0.0237739
     1.90759    0.523464   0.0294135
     2.06019    0.439405   0.0236193
      2.2128     0.39323   0.0181004
     2.36541     0.37722    0.022224
     2.51802    0.303139    0.020944
     2.67062    0.265815   0.0172701
     2.82323    0.233529   0.0156749
     2.97584    0.173861   0.0149203
     3.12844    0.119565  0.00786038
     3.28105    0.126508   0.0134396
     3.43366   0.0702326  0.00757522
     3.58626    0.042363  0.00541052
     3.73887   0.0342529  0.00798027
     3.89148   0.0212283  0.00483039
     4.04408  0.00761205  0.00220416
     4.19669  0.00337246  0.00123467
      4.3493  0.00106179 0.000483293
     4.50191           0           0
   0.0763035  0.00402548  0.00199179
     0.22891   0.0235811  0.00402895
    0.381517   0.0854078  0.00633755
    0.534124      0.1196   0.0105509
    0.686731    0.184712   0.0121357
    0.839338    0.269098   0.0203352
    0.991945    0.329483   0.0157475
     1.14455    0.397589   0.0119628
     1.29716    0.458426   0.0188385
     1.44977    0.511796   0.0273273
     1.60237    0.516122   0.0232809
     1.75498    0.506951   0.0220011
     1.90759     0.51255   0.0291055
     2.06019     0.44667   0.0228922
      2.2128    0.397512   0.0172071
     2.36541    0.379256   0.0206076
     2.51802    0.309047   0.0201489
     2.67062    0.265796   0.0159417
     2.82323    0.227527   0.0155758
     2.97584    0.169567   0.0143772
     3.12844    0.124358  0.00859351
     3.28105     0.12753   0.0124446
     3.43366   0.0744819  0.00809709
     3.58626   0.0443223   0.0053373
     3.73887   0.0346961   0.0073787
     3.89148   0.0213105  0.00445952
     4.04408  0.00727153  0.00206074
     4.19669  0.00311304  0.00116663
      4.3493 0.000980117 0.000452966
     4.50191           0           0
   0.0763035  0.00379429  0.00186289
     0.22891   0.0243086  0.00380627
    0.381517   0.0839265  0.00605552
    0.534124    0.116013   0.0103891
    0.686731    0.183598   0.0113199
    0.839338    0.277094   0.0203942
    0.991945    0.338978   0.0172497
     1.14455    0.394522   0.0114948
     1.29716    0.451061   0.0188779
     1.44977    0.511982    0.025376
     1.60237    0.517157    0.021641
     1.75498    0.503149   0.0207557
     1.90759    0.507704    0.027427
     2.06019    0.441685    0.021793
      2.2128    0.398982   0.0160407
     2.36541    0.386182    0.020266
     2.51802    0.312333   0.0189757
     2.67062    0.267311   0.0148748
     2.82323    0.219932   0.0162096
     2.97584    0.166889   0.0135975
     3.12844    0.129392   0.0093385
     3.28105    0.124813   0.0118484
     3.43366   0.0792958  0.00883458
     3.58626   0.0468142  0.00550716
     3.73887   0.0347886  0.00685223
     3.89148   0.0203149  0.00425067
     4.04408  0.00678464  0.00197023
     4.19669  0.00292318  0.00109864
      4.3493 0.000957781 0.000421161
     4.50191 9.75116e-05 9.39645e-05
   0.0763035  0.00357774  0.00175123
     0.22891   0.0235839  0.00362084
    0.381517   0.0817817  0.00601967
    0.534124    0.115202  0.00972816
    0.686731    0.191564   0.0130714
    0.839338    0.281127   0.0194292
    0.991945    0.337715   0.0161459
     1.14455    0.395111   0.0107436
     1.29716    0.446641   0.0181294
     1.44977    0.506243   0.0243245
     1.60237     0.50924   0.0215976
     1.75498    0.502448   0.0193838
     1.90759    0.512818   0.0260709
     2.06019    0.442971    0.020378
      2.2128    0.398366   0.0149831
     2.36541    0.389109   0.0191251
     2.51802    0.315948   0.0180518
     2.67062    0.265247   0.0140255
     2.82323    0.217585   0.0152979
     2.97584    0.164435   0.0129105
     3.12844    0.131394  0.00892793
     3.28105    0.126694   0.0112067
     3.43366   0.0807624  0.00836645
     3.58626   0.0488162  0.00549185
     3.73887   0.0352199  0.00640897
     3.89148    0.019084  0.00414169
     4.04408  0.00638492  0.00187899
     4.19669   0.0027283  0.00104254
      4.3493 0.000893929 0.000397895
     4.50191 9.10108e-05 8.79248e-05
   0.0763035  0.00337499  0.00165348
     0.22891   0.0229025  0.00345806
    0.381517    0.081329  0.00566044
    0.534124    0.114666  0.00913488
    0.686731    0.190881   0.0122723
    0.839338    0.279749   0.0182637
    0.991945    0.340642   0.0153999
     1.14455    0.394948   0.0100734
     1.29716    0.450673   0.0174389
     1.44977    0.508885   0.0229473
     1.60237    0.507742   0.0202996
     1.75498     0.49872   0.0185273
     1.90759    0.511991   0.0244546
     2.06019    0.454797   0.0222732
      2.2128    0.397352   0.0140809
     2.36541    0.385015   0.0183628
     2.51802    0.309133   0.0181647
     2.67062    0.258796   0.0145571
     2.82323    0.213394   0.0149048
     2.97584    0.168788   0.0128164
     3.12844    0.129479  0.00857292
     3.28105     0.13187   0.0116403
     3.43366    0.084776  0.00875349
     3.58626    0.048651  0.00515109
     3.73887   0.0339894  0.00612539
     3.89148   0.0188127  0.00389171
     4.04408  0.00701352  0.00186374
     4.19669  0.00334086  0.00114326
      4.3493 0.000985951  0.00038352
     4.50191 8.53227e-05 8.26133e-05
   0.0763035  0.00413118  0.00172046
     0.22891   0.0263826   0.0046895
    0.381517     0.08061  0.00537295
    0.534124    0.115096  0.00860765
    0.686731    0.192798   0.0116991
    0.839338    0.280855   0.0172229
    0.991945    0.342229   0.0145755
     1.14455     0.39688  0.00966434
     1.29716    0.454685   0.0168683
     1.44977    0.508078   0.0216116
     1.60237    0.501302   0.0201012
     1.75498    0.490414   0.0192094
     1.90759    0.509328   0.0231606
     2.06019    0.459721   0.0215004
      2.2128    0.395055   0.0134388
     2.36541    0.389496   0.0178211
     2.51802    0.307904   0.0171377
     2.67062     0.25652   0.0138776
     2.82323    0.206899    0.015378
     2.97584    0.165878   0.0123884
     3.12844     0.13078  0.00816678
     3.28105    0.131611   0.0109584
     3.43366   0.0863643  0.00838144
     3.58626   0.0476808  0.00493862
     3.73887   0.0365112   0.0062627
     3.89148   0.0195477  0.00373155
     4.04408   0.0112109  0.00443377
     4.19669  0.00357441   0.0010996
      4.3493  0.00113139 0.000387557
     4.50191 0.000107072 8.05657e-05
   0.0763035  0.00452695  0.00166978
     0.22891   0.0308161    0.006179
    0.381517   0.0815101   0.0051493
    0.534124     0.11508  0.00812947
    0.686731    0.192319    0.011059
    0.839338    0.287674   0.0175641
    0.991945    0.343639   0.0138338
     1.14455    0.397122  0.00913046
     1.29716    0.453343   0.0159845
     1.44977    0.501431   0.0214089
     1.60237    0.495684   0.0197539
     1.75498    0.485473   0.0187669
     1.90759     0.50701   0.0219895
     2.06019    0.460453   0.0203184
      2.2128    0.395541    0.012701
     2.36541    0.388811   0.0168442
     2.51802    0.310807   0.0164296
     2.67062    0.254487   0.0132547
     2.82323    0.205767   0.0145654
     2.97584    0.168459    0.011966
     3.12844    0.131266  0.00772752
     3.28105    0.129397   0.0105711
     3.43366   0.0858508  0.00793152
     3.58626   0.0489827  0.00483281
     3.73887   0.0370094  0.00593456
     3.89148   0.0202651  0.00359254
     4.04408   0.0146128  0.00533522
     4.19669  0.00389156  0.00108329
      4.3493  0.00132134 0.000409942
     4.50191 0.000230898 0.000142375
   0.0763035  0.00458886  0.00158305
     0.22891   0.0323557  0.00604253
    0.381517   0.0837617  0.00534794
    0.534124    0.114913  0.00770331
    0.686731    0.189658   0.0107923
    0.839338    0.288043   0.0166436
    0.991945    0.345032   0.0131757
     1.14455    0.400089  0.00911945
     1.29716    0.454669   0.0151981
     1.44977    0.501631    0.020283
     1.60237    0.487491   0.0203425
     1.75498    0.489013     0.01811
     1.90759    0.500183   0.0218663
     2.06019    0.458968   0.0193032
      2.2128    0.393661   0.0121708
     2.36541    0.388368   0.0159635
     2.51802    0.319276   0.0176127
     2.67062    0.253418   0.0126002
     2.82323      0.2016   0.0143824
     2.97584     0.17153   0.0117236
     3.12844    0.134257   0.0078783
     3.28105    0.129712   0.0100194
     3.43366     0.08519  0.00754156
     3.58626   0.0473994  0.00483085
     3.73887   0.0352596  0.00587454
     3.89148    0.021263  0.00353934
     4.04408   0.0162914  0.00531193
     4.19669  0.00368674  0.00104546
      4.3493   0.0012518 0.000394221
     4.50191 0.000218745   0.0001354
   0.0763035  0.00447622   0.0015079
     0.22891   0.0332725  0.00580955
    0.381517   0.0823934  0.00525266
    0.534124    0.116932  0.00757813
    0.686731    0.191125   0.0103519
    0.839338    0.291499   0.0161662
    0.991945    0.343861   0.0125689
     1.14455    0.397665  0.00897991
     1.29716    0.453839   0.0144608
     1.44977    0.499508   0.0193796
     1.60237    0.484973   0.0194806
     1.75498    0.495634   0.0183748
     1.90759    0.500886   0.0207842
     2.06019    0.456667   0.0184747
      2.2128    0.395921   0.0117701
     2.36541    0.384182   0.0157046
     2.51802     0.31767    0.016805
     2.67062    0.249978   0.0124307
     2.82323    0.203062   0.0137374
     2.97584    0.173696   0.0113357
     3.12844    0.133187  0.00755672
     3.28105    0.126556   0.0100032
     3.43366   0.0870874  0.00739931
     3.58626   0.0489019  0.00481731
     3.73887   0.0369353   0.0058149
     3.89148   0.0218805  0.00341582
     4.04408   0.0159258   0.0050589
     4.19669  0.00366925 0.000993329
      4.3493  0.00118921 0.000379446
     4.50191 0.000207808 0.000129071
