1   63.535    360.764
2   54.7109    309.918
3   48.5296    275.472
4   45.0332    260.443
5   44.0114    254.947
6   42.6946    246.545
7   40.9561    235.404
8   38.2797    220.086
9   36.6503    211.785
10   34.8495    200.411
11   33.4921    194.55
12   32.1582    184.124
13   29.8415    171.515
14   28.4608    165.036
15   28.0757    162.79
16   27.8445    161.641
17   27.2787    157.734
18   26.7753    155.668
19   26.0786    149.907
20   24.6809    142.893
21   24.2116    140.813
22   24.2062    140.766
23   23.9918    139.076
24   23.7376    137.94
25   23.6261    137.258
26   23.2655    134.405
27   22.5337    130.378
28   22.3283    129.697
29   21.4679    122.771
30   19.8533    115.455
31   19.8514    115.454
32   19.8514    115.454
33   19.8358    115.319
34   19.3119    110.99
35   18.3904    106.879
36   18.3661    106.786
37   18.1414    104.927
38   17.6753    102.628
39   17.6339    102.531
40   17.4718    101.166
41   17.048    98.9165
42   16.7986    97.2865
43   16.5295    95.8638
44   16.2049    93.7259
45   15.4169    88.4105
46   14.8859    86.572
47   14.8506    86.2737
48   14.5445    83.9033
49   13.9958    81.3122
50   13.9036    80.6674
51   13.7479    79.8238
52   13.5199    78.2359
53   12.9737    75.1188
54   12.7882    74.3182
55   12.7776    74.3136
56   12.7776    74.3136
57   12.7658    74.2108
58   12.3774    71.007
59   11.6939    68.0107
60   11.6896    67.9743
61   11.6808    67.9337
62   11.6707    67.8479
63   11.6498    67.7227
64   11.6422    67.7104
65   11.6422    67.7104
66   11.6422    67.7104
67   11.6422    67.7104
68   11.6422    67.7104
69   11.6422    67.7104
70   11.6357    67.6538
71   11.4354    65.9843
72   11.0225    64.1011
73   11.0065    63.978
74   10.9881    63.9005
75   10.9187    63.3278
76   10.8024    62.826
77   10.7974    62.7829
78   10.5967    61.1435
79   10.2693    59.6218
80   9.39834    52.5841
81   8.12992    47.2775
82   8.08777    46.9185
83   7.98434    46.2642
84   7.93924    46.1712
85   7.91324    45.9604
86   7.87398    45.7684
87   7.73685    44.6184
88   7.3546    42.451
89   7.22628    41.8621
90   7.09654    41.2269
91   7.0823    41.1744
92   6.9681    40.2463
93   6.7911    39.4584
94   6.67015    38.5377
95   6.30225    36.0878
96   5.82381    33.4906
97   5.65533    32.863
98   5.6258    32.6843
99   5.50471    31.714
100   5.30856    30.6939
101   5.27035    30.6502
102   5.25382    30.5106
103   5.21436    30.3029
104   5.20976    30.2996
105   5.20976    30.2996
106   5.20976    30.2996
107   5.20976    30.2996
108   5.20602    30.2671
109   5.02899    28.8308
110   4.49897    25.3252
111   3.81825    22.0662
112   3.79249    22.0567
113   3.78867    22.0242
114   3.72415    21.4969
115   3.59087    20.8509
116   3.56255    20.663
117   3.52502    20.501
118   3.52297    20.4838
119   3.51834    20.4595
120   3.51777    20.4591
121   3.51777    20.4591
122   3.51751    20.4568
123   3.50692    20.3701
124   3.4913    20.3051
125   3.4913    20.3051
126   3.4913    20.3051
127   3.48932    20.288
128   3.43602    19.8384
129   3.3257    19.201
130   3.29353    19.1544
131   3.28911    19.1172
132   3.27734    19.0608
133   3.27566    19.0462
134   3.23324    18.6881
135   3.1379    18.1509
136   3.1165    18.1253
137   3.1165    18.1253
138   3.1165    18.1253
139   3.1165    18.1253
140   3.1165    18.1253
141   3.1165    18.1253
142   3.1165    18.1253
143   3.1165    18.1253
144   3.11532    18.1151
145   3.08232    17.8372
146   2.99864    17.4398
147   2.99844    17.4382
148   2.99402    17.4006
149   2.97942    17.3281
150   2.97942    17.3281
151   2.97942    17.3281
152   2.97942    17.3281
153   2.97942    17.3281
154   2.97942    17.3281
155   2.97942    17.3281
156   2.97942    17.3281
157   2.97942    17.3281
158   2.97942    17.3281
159   2.97942    17.3281
160   2.97942    17.3281
161   2.97942    17.3281
162   2.9794    17.3279
163   2.97899    17.3244
164   2.97792    17.3186
165   2.97777    17.3185
166   2.97777    17.3185
167   2.97777    17.3185
168   2.97777    17.3185
169   2.97772    17.318
170   2.97573    17.3016
171   2.97267    17.2874
172   2.9724    17.2873
173   2.9724    17.2873
174   2.9724    17.2873
175   2.9724    17.2873
176   2.9724    17.2873
177   2.9724    17.2873
178   2.9724    17.2873
179   2.9724    17.2873
180   2.9724    17.2873
181   2.9724    17.2873
182   2.9724    17.2873
183   2.9724    17.2873
184   2.96659    17.2369
185   2.74606    15.4315
186   2.39045    13.8998
187   2.35296    13.5902
188   2.28892    13.3122
189   2.28892    13.3122
190   2.28892    13.3122
191   2.28892    13.3122
192   2.28892    13.3122
193   2.28892    13.3122
194   2.28892    13.3122
195   2.28892    13.3122
196   2.28704    13.2959
197   2.23256    12.8386
198   2.10096    12.219
199   2.10096    12.219
200   2.10096    12.219
201   2.10096    12.219
202   2.10096    12.219
203   2.10096    12.219
204   2.10096    12.219
205   2.10096    12.219
206   2.10096    12.219
207   2.10096    12.219
208   2.10096    12.219
209   2.10096    12.219
210   2.10096    12.219
211   2.10096    12.219
212   2.10096    12.219
213   2.10096    12.219
214   2.10096    12.219
215   2.10096    12.219
216   2.10096    12.219
217   2.10096    12.219
218   2.10096    12.219
219   2.10096    12.219
220   2.10096    12.219
221   2.10096    12.219
222   2.10096    12.219
223   2.10096    12.219
224   2.10096    12.219
225   2.10096    12.219
226   2.10096    12.219
227   2.10096    12.219
228   2.10096    12.219
229   2.10096    12.219
230   2.10096    12.219
231   2.10096    12.219
232   2.10096    12.219
233   2.10096    12.219
234   2.10096    12.219
235   2.10096    12.219
236   2.10096    12.219
237   2.10096    12.219
238   2.10096    12.219
239   2.10096    12.219
240   2.10096    12.219
241   2.10096    12.219
242   2.10096    12.219
243   2.10096    12.219
244   2.10096    12.219
245   2.10096    12.219
246   2.10096    12.219
247   2.10096    12.219
248   2.10096    12.219
249   2.10096    12.219
250   2.10096    12.219
251   2.10096    12.219
252   2.10096    12.219
253   2.10096    12.219
254   2.10096    12.219
255   2.10096    12.219
256   2.10096    12.219
257   2.10096    12.219
258   2.10096    12.219
259   2.10096    12.219
260   2.10096    12.219
261   2.10096    12.219
262   2.10096    12.219
263   2.10096    12.219
264   2.10096    12.219
265   2.10096    12.219
266   2.10096    12.219
267   2.10096    12.219
268   2.10096    12.219
269   2.10096    12.219
270   2.10096    12.219
271   2.10096    12.219
272   2.10096    12.219
273   2.10096    12.219
274   2.10096    12.219
275   2.10096    12.219
276   2.10096    12.219
277   2.10096    12.219
278   2.10096    12.219
279   2.10096    12.219
280   2.10096    12.219
281   2.10096    12.219
282   2.10096    12.219
283   2.10096    12.219
284   2.10096    12.219
285   2.10096    12.219
286   2.10096    12.219
287   2.10096    12.219
288   2.10096    12.219
289   2.10096    12.219
290   2.10096    12.219
291   2.10096    12.219
292   2.10096    12.219
293   2.10096    12.219
294   2.10096    12.219
295   2.10096    12.219
296   2.10096    12.219
297   2.10096    12.219
298   2.10096    12.219
299   2.10096    12.219
300   2.10096    12.219
