1   41.3114    -0.754701
1   41.3114    261.066
2   35.0446    220.444
3   30.5202    194.526
4   28.7887    185.462
5   27.4005    175.522
6   24.7748    158.29
7   22.6233    146.589
8   22.0637    142.01
9   21.0746    135.526
10   20.058    129.311
11   19.253    124.303
12   18.9521    122.81
13   18.6942    121.029
14   18.5104    120.163
15   18.3894    119.046
16   17.9686    116.023
17   17.5586    113.789
18   17.3651    112.309
19   17.1076    111.05
20   16.8847    108.992
21   16.4856    106.996
22   16.4001    106.221
23   16.067    103.871
24   15.7172    101.693
25   15.205    97.8867
26   14.2792    91.3363
27   13.6983    88.8082
28   13.331    85.782
29   12.8296    83.0425
30   12.6921    82.3804
31   12.3511    79.1818
32   11.6519    74.9839
33   11.5183    74.7605
34   11.3904    73.564
35   11.0534    71.6411
36   10.7577    69.0566
37   10.266    66.6524
38   10.1988    66.0232
39   10.0105    64.8112
40   9.76499    62.8784
41   9.40149    60.5794
42   9.12637    59.2469
43   9.1242    59.2429
44   9.10751    59.085
45   8.983    58.0164
46   8.75465    56.5564
47   8.68657    56.3692
48   8.45268    54.2156
49   8.04693    52.2493
50   8.0446    52.2267
51   7.93704    51.2299
52   7.63919    49.2475
53   7.32924    47.2441
54   7.17982    46.5953
55   7.17589    46.5936
56   7.17589    46.5936
57   7.17589    46.5936
58   7.17573    46.5921
59   7.16977    46.5362
60   7.15852    46.4603
61   7.11361    46.0635
62   7.02015    45.4987
63   7.00483    45.4828
64   7.00483    45.4828
65   7.00483    45.4828
66   7.00483    45.4828
67   7.00483    45.4828
68   7.00483    45.4828
69   7.00472    45.4818
70   7.00148    45.4511
71   6.99339    45.3983
72   6.99134    45.3953
73   6.99134    45.3953
74   6.98863    45.369
75   6.88581    44.4058
76   6.6531    43.1991
77   6.6531    43.1991
78   6.6531    43.1991
79   6.6531    43.1991
80   6.6531    43.1991
81   6.6504    43.1729
82   6.56271    42.3429
83   6.26496    40.4131
84   6.07581    39.2009
85   5.9023    37.9688
86   5.6965    36.9878
87   5.69645    36.9873
88   5.6946    36.97
89   5.69118    36.9499
90   5.69057    36.9493
91   5.68825    36.9268
92   5.60601    36.1533
93   5.4391    35.1174
94   5.4008    35.0678
95   5.4008    35.0678
96   5.39798    35.0405
97   5.29952    34.114
98   5.09831    32.8516
99   5.04914    32.7844
100   5.04914    32.7844
101   5.0489    32.7821
102   5.03826    32.6836
103   5.01958    32.5925
104   5.01958    32.5925
105   5.01958    32.5925
106   5.01958    32.5925
107   5.01958    32.5925
108   5.01958    32.5925
109   5.01958    32.5925
110   5.01958    32.5925
111   5.01958    32.5925
112   5.01609    32.5587
113   4.89405    31.4112
114   4.61821    29.7909
115   4.5829    29.7545
116   4.55447    29.4867
117   4.48949    29.1086
118   4.48218    29.1031
119   4.48218    29.1031
120   4.48218    29.1031
121   4.48216    29.103
122   4.48156    29.0973
123   4.48024    29.0905
124   4.48024    29.0905
125   4.48024    29.0905
126   4.48024    29.0905
127   4.48024    29.0905
128   4.48024    29.0905
129   4.48024    29.0905
130   4.48002    29.0884
131   4.4708    29.0027
132   4.45365    28.9165
133   4.45344    28.9165
134   4.45344    28.9165
135   4.45344    28.9165
136   4.45344    28.9165
137   4.45344    28.9165
138   4.45344    28.9165
139   4.45344    28.9165
140   4.45344    28.9165
141   4.45344    28.9165
142   4.45344    28.9165
143   4.45344    28.9165
144   4.45344    28.9165
145   4.45344    28.9165
146   4.45344    28.9165
147   4.45344    28.9165
148   4.45344    28.9165
149   4.45344    28.9165
150   4.45344    28.9165
151   4.45344    28.9165
152   4.45344    28.9165
153   4.45344    28.9165
154   4.45344    28.9165
155   4.45344    28.9165
156   4.45344    28.9165
157   4.45344    28.9165
158   4.45344    28.9165
159   4.45344    28.9165
160   4.45344    28.9165
161   4.45344    28.9165
162   4.45344    28.9165
163   4.45344    28.9165
164   4.45344    28.9165
165   4.45344    28.9165
166   4.45344    28.9165
167   4.45344    28.9165
168   4.45344    28.9165
169   4.45344    28.9165
170   4.45344    28.9165
171   4.45344    28.9165
172   4.45344    28.9165
173   4.45344    28.9165
174   4.45344    28.9165
175   4.45344    28.9165
176   4.45344    28.9165
177   4.45344    28.9165
178   4.45344    28.9165
179   4.45344    28.9165
180   4.45344    28.9165
181   4.45344    28.9165
182   4.45344    28.9165
183   4.45344    28.9165
184   4.45344    28.9165
185   4.45344    28.9165
186   4.45344    28.9165
187   4.45344    28.9165
188   4.45344    28.9165
189   4.45344    28.9165
190   4.45344    28.9165
191   4.45344    28.9165
192   4.45344    28.9165
193   4.45344    28.9165
194   4.45344    28.9165
195   4.45344    28.9165
196   4.45344    28.9165
197   4.45344    28.9165
198   4.45344    28.9165
199   4.45344    28.9165
200   4.45344    28.9165
201   4.45344    28.9165
202   4.45344    28.9165
203   4.45344    28.9165
204   4.45344    28.9165
205   4.45344    28.9165
206   4.45344    28.9165
207   4.45344    28.9165
208   4.45333    28.9155
209   4.44941    28.8786
210   4.44055    28.8281
211   4.4389    28.8211
212   4.43872    28.821
213   4.43872    28.821
214   4.43872    28.821
215   4.43872    28.821
216   4.43872    28.821
217   4.43872    28.821
218   4.43872    28.821
219   4.43872    28.821
220   4.43872    28.821
221   4.43872    28.821
222   4.43872    28.821
223   4.43872    28.821
224   4.43872    28.821
225   4.43751    28.8092
226   4.40291    28.4803
227   4.29983    27.8496
228   4.28753    27.8393
229   4.28753    27.8393
230   4.28753    27.8393
231   4.28753    27.8393
232   4.28753    27.8393
233   4.28753    27.8393
234   4.28753    27.8393
235   4.28753    27.8393
236   4.28753    27.8393
237   4.28753    27.8393
238   4.28753    27.8393
239   4.28753    27.8393
240   4.28753    27.8393
241   4.28753    27.8393
242   4.28753    27.8393
243   4.28753    27.8393
244   4.28753    27.8393
245   4.28753    27.8393
246   4.28753    27.8393
247   4.28753    27.8393
248   4.28753    27.8393
249   4.28753    27.8393
250   4.28753    27.8393
251   4.28753    27.8393
252   4.28753    27.8393
253   4.28753    27.8393
254   4.28753    27.8393
255   4.28753    27.8393
256   4.28753    27.8393
257   4.28753    27.8393
258   4.28753    27.8393
259   4.28753    27.8393
260   4.28753    27.8393
261   4.28753    27.8393
262   4.28753    27.8393
263   4.28753    27.8393
264   4.28753    27.8393
265   4.28753    27.8393
266   4.28753    27.8393
267   4.28753    27.8393
268   4.28753    27.8393
269   4.28753    27.8393
270   4.28753    27.8393
271   4.28753    27.8393
272   4.28753    27.8393
273   4.28753    27.8393
274   4.28753    27.8393
275   4.28753    27.8393
276   4.28753    27.8393
277   4.28753    27.8393
278   4.28753    27.8393
279   4.28753    27.8393
280   4.28753    27.8393
281   4.28753    27.8393
282   4.28753    27.8393
283   4.28753    27.8393
284   4.28753    27.8393
285   4.28753    27.8393
286   4.28753    27.8393
287   4.28753    27.8393
288   4.28753    27.8393
289   4.28753    27.8393
290   4.28753    27.8393
291   4.28753    27.8393
292   4.28753    27.8393
293   4.28753    27.8393
294   4.28753    27.8393
295   4.28753    27.8393
296   4.28753    27.8393
297   4.28753    27.8393
298   4.28753    27.8393
299   4.28753    27.8393
300   4.28753    27.8393
301   4.28753    27.8393
302   4.28753    27.8393
303   4.28753    27.8393
304   4.28753    27.8393
305   4.28753    27.8393
306   4.28753    27.8393
307   4.28753    27.8393
308   4.28753    27.8393
309   4.28753    27.8393
310   4.28753    27.8393
311   4.28753    27.8393
312   4.28753    27.8393
313   4.28753    27.8393
314   4.28753    27.8393
315   4.28753    27.8393
316   4.28753    27.8393
317   4.28753    27.8393
318   4.28753    27.8393
319   4.28753    27.8393
320   4.28753    27.8393
321   4.28753    27.8393
322   4.28753    27.8393
323   4.28753    27.8393
324   4.28753    27.8393
325   4.28753    27.8393
326   4.28753    27.8393
327   4.28753    27.8393
328   4.28753    27.8393
329   4.28753    27.8393
330   4.28753    27.8393
331   4.28753    27.8393
332   4.28753    27.8393
333   4.28753    27.8393
334   4.28753    27.8393
335   4.28753    27.8393
336   4.28753    27.8393
337   4.28753    27.8393
338   4.28753    27.8393
339   4.28649    27.8292
340   4.25534    27.5336
341   4.16468    27.0006
342   4.15773    26.9964
343   4.15773    26.9964
344   4.15773    26.9964
345   4.15773    26.9964
346   4.15773    26.9964
347   4.15773    26.9964
348   4.15773    26.9964
349   4.15773    26.9964
350   4.15773    26.9964
