1   2969.89    31775.3
2   2768.72    29592.8
3   2609.17    27964
4   2493.84    26743.4
5   2372.39    25438.6
6   2288.93    24647.7
7   2227.14    23965.8
8   2159.19    23274.8
9   2098.18    22606.6
10   2003.13    21464.3
11   1894.3    20392.1
12   1848.2    19943.7
13   1823.75    19694.1
14   1794.37    19344.9
15   1754.97    18926.3
16   1721.25    18568.4
17   1694.73    18288.7
18   1656.19    17824.8
19   1603.9    17278
20   1568.06    16905.9
21   1540.96    16605.9
22   1493.65    16119
23   1470.49    15866.3
24   1446.96    15610.9
25   1422.7    15345.2
26   1391.9    15032.5
27   1374.61    14828
28   1348.74    14569.7
29   1326.35    14308.4
30   1300.87    14043.4
31   1274.35    13730
32   1247.05    13473.9
33   1235.49    13328.3
34   1210.96    13069.2
35   1183.36    12718.5
36   1139.71    12274
37   1121.05    12092.5
38   1102.64    11913.8
39   1092.81    11801
40   1080.18    11664
41   1072.98    11602.3
42   1066.68    11537.6
43   1058.69    11429.6
44   1041.87    11247.9
45   1022.98    11034.9
46   1007.9    10906.4
47   1003.36    10839.4
48   990.511    10700.4
49   979.757    10588.6
50   970.732    10486.2
51   957.401    10328.9
52   938.923    10127.7
53   926.518    10003.2
54   915.607    9880.31
55   902.759    9741.64
56   886.914    9560.33
57   874.998    9457.21
58   867.929    9383.87
59   862.868    9327.04
60   856.201    9254.02
61   843.81    9091.56
62   819.205    8838.46
63   810.163    8757.96
64   802.618    8655.36
65   784.022    8458.62
66   772.891    8332.98
67   755.454    8134.42
68   734.703    7916.95
69   724    7823.3
70   712.865    7683.26
71   701.381    7574.88
72   697.006    7532.93
73   688.9    7432.92
74   680.011    7341.68
75   673.043    7271.66
76   665.74    7183.32
77   655.594    7070.82
78   643.793    6933.05
79   627.316    6763.63
80   617.314    6663.49
81   614.004    6640.44
82   608.711    6570.11
83   599.899    6475.74
84   591.591    6381.3
85   583.463    6298.64
86   578.499    6253.1
87   574.72    6207.04
88   566.264    6117.73
89   561.717    6074.06
90   560.486    6064.81
91   558.824    6041.69
92   548.501    5904.18
93   534.413    5763.08
94   528.903    5715.88
95   526.854    5702.71
96   525.842    5686.6
97   522.606    5649.73
98   520.469    5631.81
99   516.169    5567.06
100   503.909    5427.07
101   496.969    5367.06
102   492.881    5329.71
103   491.477    5317.8
104   488.988    5282.59
105   483.545    5226.3
106   479.797    5179.62
107   471.88    5094.49
108   469.101    5071.22
109   464.778    5020.99
110   462.805    5005.66
111   460.719    4983.65
112   458.226    4953.26
113   455.237    4919.39
114   450.739    4870.23
115   448.142    4843.27
116   443.566    4791.44
117   442.235    4786.32
118   441.902    4782.55
119   441.428    4776.27
120   440.432    4764.7
121   439.524    4755.53
122   438.335    4742.03
123   436.817    4723.12
124   434.449    4696.03
125   428.66    4614.36
126   411.449    4432.12
127   406.772    4395.97
128   404.791    4377.83
129   401.001    4324.94
130   391.403    4216.89
131   383.756    4142.24
132   381.048    4120.51
133   378.773    4093.09
134   376.435    4069.84
135   374.916    4053.68
136   372.414    4026.94
137   370.61    4008.43
138   369.618    3998.18
139   368.526    3985.31
140   366.529    3964.58
141   365.57    3954.93
142   363.838    3933.02
143   361.363    3906.68
144   359.734    3888.62
145   357.12    3859.96
146   355.804    3847.96
147   353.598    3825.02
148   352.957    3818.46
149   351.877    3806.26
150   346.673    3727.22
151   332.233    3581.23
152   330.615    3578.37
153   327.18    3523.57
154   316.466    3399.33
155   312.633    3382.32
156   311.747    3370.83
157   308.726    3335.03
158   307.026    3320.41
159   306.521    3317.06
160   303.987    3277.84
161   295.24    3173.54
162   289.093    3116.99
163   282.727    3054.25
164   281.148    3041.06
165   279.827    3023.38
166   276.047    2981.15
167   274.282    2967.19
168   271.734    2930.92
169   266.304    2876.01
170   265.321    2870.38
171   263.97    2854.28
172   263.244    2847.79
173   262.382    2838.53
174   261.572    2828.04
175   259.265    2801.24
176   258.225    2794.85
177   257.589    2785.33
178   256.313    2772.56
179   255.906    2769.53
180   255.437    2762.81
181   254.367    2752.03
182   249.206    2672.65
183   235.289    2530.04
184   233.271    2524.45
185   232.285    2510.01
186   230.084    2484.19
187   227.751    2460.84
188   226.647    2452.15
189   226.437    2450.95
190   226.013    2444.21
191   224.64    2428.78
192   223.839    2420.86
193   223.511    2419.34
194   223.484    2418.9
195   222.819    2408.46
196   220.895    2385.71
197   220.12    2382.42
198   218.51    2356.9
199   213.071    2296.37
200   209.852    2262.86
201   208.546    2257.22
202   208.212    2252.12
203   207.181    2240.45
204   206.889    2239.4
205   206.685    2236.15
206   206.08    2229.42
207   205.933    2229.07
208   205.92    2228.86
209   205.189    2217.13
210   202.531    2184.39
211   201.418    2180.12
212   201.364    2179.49
213   201.348    2179.44
214   201.347    2179.42
215   201.22    2177.39
216   200.331    2164.95
217   198.732    2148.32
218   197.64    2136.01
219   196.17    2121.18
220   195.928    2120.77
221   195.909    2120.47
222   194.8    2102.83
223   191.629    2068.57
224   190.815    2064.63
225   190.24    2057.16
226   189.423    2048.54
227   189.069    2046.52
228   189.069    2046.52
229   189.069    2046.52
230   189.06    2046.38
231   188.422    2036.2
232   186.445    2013.12
233   184.631    1992.69
234   181.681    1960.99
235   177.385    1909.81
236   174.684    1887.32
237   172.581    1863.27
238   171.681    1856.63
239   170.48    1843.07
240   169.784    1835.93
241   169.498    1834.69
242   169.486    1834.49
243   168.861    1824.57
244   166.896    1802.34
245   165.626    1790.06
246   165.256    1788.77
247   165.249    1788.66
248   164.923    1783.51
249   164.122    1775.64
250   164.026    1775.46
251   164.025    1775.44
252   163.944    1774.15
253   163.691    1771.32
254   163.592    1770.56
255   163.445    1768.78
256   163.279    1766.97
257   162.996    1763.41
258   162.627    1759.72
259   162.354    1756.4
260   161.908    1751.72
261   161.354    1744.13
262   159.874    1728.92
263   159.705    1728.69
264   159.7    1728.6
265   159.301    1722.25
266   157.866    1706.14
267   156.926    1696.15
268   155.883    1685.1
269   155.605    1684.31
270   155.605    1684.31
271   155.583    1683.96
272   150.829    1609.55
273   137.692    1485.85
274   136.642    1476.4
275   135.107    1459.99
276   134.115    1449.82
277   133.891    1449.27
278   133.891    1449.27
279   133.891    1449.27
280   133.885    1449.18
281   133.539    1443.63
282   132.412    1429.81
283   131.671    1424.36
284   131.234    1419.27
285   130.452    1409.45
286   129.294    1397.67
287   129.081    1397.21
288   129.081    1397.21
289   129.08    1397.18
290   128.96    1395.26
291   128.544    1390.51
292   128.066    1384.25
293   126.704    1369.76
294   126.519    1369.47
295   126.517    1369.44
296   126.387    1367.37
297   125.989    1362.8
298   125.873    1362.48
299   125.873    1362.48
300   125.873    1362.48
301   125.864    1362.34
302   125.653    1359.03
303   124.895    1350.29
304   124.527    1347.59
305   124.059    1340.58
306   122.768    1326.63
307   122.374    1323.86
308   121.905    1318.39
309   121.76    1317.96
310   121.756    1317.9
311   121.468    1313.3
312   120.618    1303.71
313   120.163    1299.5
314   119.575    1292.89
315   119.4    1292.42
316   119.395    1292.34
317   119.062    1287.01
318   117.965    1274.88
319   117.729    1274.31
320   117.5    1270.64
321   116.684    1261.06
322   116.224    1256.9
323   115.49    1248.13
324   115.199    1246.77
325   115.1    1245.57
326   115.052    1245.32
327   114.698    1239.68
328   113.619    1228.07
329   113.416    1227.65
330   113.416    1227.65
331   113.411    1227.55
332   113.11    1222.82
333   112.4    1215.96
334   112.323    1215.81
335   112.323    1215.81
336   112.323    1215.81
337   112.323    1215.81
338   112.32    1215.77
339   112.195    1213.76
340   111.748    1208.44
341   111.599    1207.97
342   111.599    1207.97
343   111.599    1207.97
344   111.599    1207.97
345   111.599    1207.97
346   111.599    1207.97
347   111.599    1207.97
348   111.598    1207.96
349   111.543    1207.08
350   111.373    1205.31
351   111.329    1204.94
352   111.259    1204.09
353   111.121    1202.22
354   110.828    1199
355   110.753    1198.81
356   110.753    1198.81
357   110.747    1198.72
358   110.734    1198.57
359   110.729    1198.56
360   110.729    1198.56
361   110.729    1198.56
362   108.916    1169.84
363   104.329    1121.53
364   103.217    1116.02
365   102.396    1106.98
366   102.239    1106.66
367   102.239    1106.66
368   102.238    1106.64
369   102.196    1105.98
370   102.101    1105.04
371   102.084    1104.96
372   101.822    1100.78
373   101.033    1092.15
374   100.865    1091.79
375   100.861    1091.72
376   100.619    1087.84
377   99.4995    1073.4
378   98.0652    1057.52
379   97.0851    1050.87
380   97.0846    1050.86
381   97.0551    1050.39
382   96.9291    1048.86
383   96.8865    1048.72
384   96.8865    1048.72
385   96.8862    1048.72
386   96.8638    1048.36
387   96.7847    1047.48
388   96.5994    1044.72
389   96.0658    1038.79
390   95.9415    1038.49
391   95.9156    1038.08
392   95.8155    1036.82
393   95.6884    1035.47
394   95.6486    1035.31
395   95.5288    1033.39
396   94.9304    1025.9
397   94.243    1018.88
398   94.0943    1018.5
399   94.0943    1018.5
400   94.0943    1018.5
401   94.0943    1018.5
402   94.0943    1018.5
403   94.0943    1018.5
404   94.0943    1018.5
405   94.0943    1018.5
406   94.0943    1018.5
407   94.0932    1018.48
408   94.0133    1017.21
409   93.7845    1014.62
410   93.7196    1014.44
411   93.7196    1014.44
412   93.7196    1014.44
413   93.7196    1014.44
414   93.7196    1014.44
415   93.7196    1014.44
416   93.7196    1014.44
417   93.7196    1014.44
418   93.7196    1014.44
419   93.7196    1014.44
420   93.7196    1014.44
421   93.7196    1014.44
422   93.7196    1014.44
423   93.7184    1014.42
424   93.6375    1013.13
425   93.3633    1010.07
426   93.3031    1009.94
427   93.3031    1009.94
428   93.3031    1009.94
429   93.3031    1009.94
430   93.3031    1009.94
431   93.3031    1009.94
432   93.3031    1009.94
433   93.3031    1009.94
434   93.3031    1009.94
435   93.3031    1009.94
436   93.3031    1009.94
437   93.3031    1009.94
438   93.3031    1009.94
439   93.3031    1009.94
440   93.3031    1009.94
441   93.3031    1009.94
442   93.3031    1009.94
443   93.3031    1009.94
444   93.3031    1009.94
445   93.3031    1009.94
446   93.3031    1009.94
447   93.3031    1009.94
448   93.3031    1009.94
449   93.3031    1009.94
450   93.3031    1009.94
451   93.3031    1009.94
452   92.3622    995.036
453   89.7083    970.469
454   89.6548    970.445
455   89.6526    970.41
456   89.4837    967.717
457   88.9469    962.166
458   88.8816    962.077
459   88.8816    962.077
460   88.8816    962.077
461   88.8816    962.077
462   88.8816    962.077
463   88.8816    962.077
464   88.8801    962.052
465   88.7675    960.25
466   88.0655    950.502
467   86.6055    935.28
468   86.2485    932.992
469   85.825    927.814
470   85.1461    919.717
471   84.6821    916.068
472   84.6173    915.919
473   84.6162    915.901
474   84.5407    914.694
475   84.2869    911.903
476   84.1821    910.917
477   83.9127    907.24
478   83.7143    906.144
479   83.7143    906.144
480   83.7143    906.144
481   83.7143    906.144
482   83.7143    906.144
483   83.7143    906.144
484   83.7143    906.144
485   83.7143    906.144
486   83.7143    906.144
487   83.7143    906.144
488   83.7143    906.144
489   83.7117    906.102
490   83.4971    902.691
491   82.9012    896.498
492   82.8092    896.347
493   82.8091    896.345
494   82.8007    896.212
495   82.7729    895.902
496   82.7668    895.888
497   82.7668    895.888
498   82.7668    895.888
499   82.7668    895.888
500   82.7668    895.888
501   82.7663    895.881
502   82.7362    895.398
503   82.637    894.231
504   82.6043    894.127
505   82.5849    893.818
506   82.5234    893.133
507   82.5092    893.1
508   82.5066    893.058
509   82.3046    889.841
510   81.6842    883.426
511   81.605    883.313
512   81.605    883.313
513   81.605    883.313
514   81.605    883.313
515   81.605    883.313
516   81.605    883.313
517   81.605    883.313
518   81.605    883.313
519   81.605    883.313
520   81.605    883.313
521   81.605    883.313
522   81.605    883.313
523   81.605    883.313
524   81.605    883.313
525   81.605    883.313
526   81.605    883.313
527   81.605    883.313
528   81.605    883.313
529   81.605    883.313
530   81.605    883.313
531   81.605    883.313
532   81.605    883.313
533   81.605    883.313
534   81.605    883.313
535   81.605    883.313
536   81.605    883.313
537   81.605    883.313
538   81.605    883.313
539   81.605    883.313
540   81.6046    883.305
541   81.5762    882.85
542   81.4938    881.78
543   81.4395    881.521
544   81.4395    881.521
545   81.4394    881.519
546   81.4308    881.383
547   81.4055    881.103
548   81.3996    881.089
549   81.3996    881.089
550   81.3996    881.089
551   81.3996    881.089
552   81.3996    881.089
553   81.3977    881.058
554   81.2795    879.163
555   80.8989    874.506
556   80.7357    873.903
557   80.7357    873.903
558   80.7357    873.903
559   80.7357    873.903
560   80.7357    873.903
561   80.7357    873.903
562   80.7331    873.86
563   80.6406    872.382
564   80.353    869.056
565   80.1678    867.247
566   79.8668    863.821
567   79.7838    863.6
568   79.7821    863.572
569   79.6452    861.392
570   79.254    857.242
571   79.1847    857.115
572   79.1847    857.115
573   79.1847    857.115
574   79.1847    857.115
575   79.1847    857.115
576   79.1846    857.113
577   79.1775    856.999
578   79.0538    855.112
579   78.7226    851.446
580   78.6433    851.254
581   78.6433    851.254
582   78.6433    851.254
583   78.6433    851.254
584   78.6433    851.254
585   78.6433    851.254
586   78.6432    851.253
587   78.6388    851.182
588   78.6248    851.022
589   78.6209    851.012
590   78.6209    851.012
591   78.6209    851.012
592   78.6209    851.012
593   78.6209    851.012
594   78.6209    851.012
595   78.6209    851.012
596   78.6202    851
597   78.5817    850.382
598   78.4228    848.426
599   78.3621    848.211
600   78.3615    848.2
601   78.3166    847.482
602   78.1622    845.769
603   78.1288    845.682
604   78.1284    845.681
605   78.1284    845.681
606   78.128    845.674
607   78.082    844.947
608   77.9786    843.882
609   77.9588    843.845
610   77.9588    843.845
611   77.9588    843.845
612   77.9588    843.845
613   77.9588    843.845
614   77.9588    843.845
615   77.9588    843.845
616   77.9588    843.845
617   77.9588    843.845
618   77.9588    843.845
619   77.9588    843.845
620   77.9588    843.845
621   77.9588    843.845
622   77.9588    843.845
623   77.9588    843.845
624   77.9588    843.845
625   77.9588    843.845
626   77.9588    843.845
627   77.9588    843.845
628   77.9588    843.845
629   77.9588    843.845
630   77.9572    843.82
631   77.864    842.324
632   77.5964    838.866
633   77.4237    838.053
634   77.4237    838.053
635   77.4237    838.053
636   77.4237    838.053
637   77.4237    838.053
638   77.4237    838.053
639   77.4237    838.053
640   77.4237    838.053
641   77.4237    838.053
642   77.4237    838.053
643   77.4237    838.053
644   77.4237    838.053
645   77.4233    838.047
646   77.3984    837.648
647   77.314    836.706
648   77.2953    836.664
649   77.2953    836.664
650   77.2953    836.664
651   77.2953    836.664
652   77.2953    836.664
653   77.2953    836.664
654   77.2953    836.664
655   77.2953    836.664
656   77.2953    836.664
657   77.2953    836.664
658   77.2953    836.664
659   77.2953    836.664
660   77.2953    836.664
661   77.2953    836.664
662   77.2953    836.664
663   77.2953    836.664
664   77.2953    836.664
665   77.2953    836.664
666   77.2953    836.664
667   77.294    836.642
668   77.1907    834.993
669   76.7269    829.044
670   76.1956    823.665
671   76.0596    823.287
672   76.0596    823.287
673   76.0588    823.274
674   75.9993    822.326
675   75.8222    820.352
676   75.7786    820.246
677   75.7786    820.246
678   75.7776    820.23
679   75.6931    818.888
680   75.4625    816.527
681   75.4306    816.48
682   75.4294    816.46
683   75.3502    815.191
684   75.0909    812.168
685   75.0104    811.931
686   75.0104    811.931
687   75.0102    811.927
688   74.9941    811.671
689   74.9517    811.194
690   74.9391    811.159
691   74.9391    811.159
692   74.9391    811.159
693   74.9391    811.159
694   74.9391    811.159
695   74.9391    811.159
696   74.9391    811.159
697   74.9391    811.159
698   74.9391    811.159
699   74.9391    811.159
700   74.9391    811.159
701   74.9391    811.159
702   74.9391    811.159
703   74.9391    811.159
704   74.9391    811.159
705   74.9391    811.159
706   74.9391    811.159
707   74.9391    811.159
708   74.9391    811.159
709   74.9391    811.159
710   74.9391    811.159
711   74.9391    811.159
712   74.9391    811.159
713   74.9391    811.159
714   74.9391    811.159
715   74.9391    811.159
716   74.9391    811.159
717   74.9391    811.159
718   74.9391    811.159
719   74.9391    811.159
720   74.9391    811.159
721   74.9391    811.159
722   74.9391    811.159
723   74.9391    811.159
724   74.9391    811.159
725   74.9391    811.159
726   74.9391    811.159
727   74.9391    811.159
728   74.9391    811.159
729   74.9391    811.159
730   74.9391    811.159
731   74.9391    811.159
732   74.9391    811.159
733   74.9391    811.159
734   74.9391    811.159
735   74.9391    811.159
736   74.9391    811.159
737   74.9391    811.159
738   74.9391    811.159
739   74.9391    811.159
740   74.9391    811.159
741   74.9391    811.159
742   74.9391    811.159
743   74.9391    811.159
744   74.9391    811.159
745   74.9391    811.159
746   74.9391    811.159
747   74.9391    811.159
748   74.9391    811.159
749   74.9391    811.159
750   74.9391    811.159
751   74.9391    811.159
752   74.9391    811.159
753   74.9391    811.159
754   74.9391    811.159
755   74.9391    811.159
756   74.9391    811.159
757   74.9391    811.159
758   74.9391    811.159
759   74.9391    811.159
760   74.9391    811.159
761   74.9391    811.159
762   74.9391    811.159
763   74.9391    811.159
764   74.9391    811.159
765   74.9391    811.159
766   74.9391    811.159
767   74.9391    811.159
768   74.9391    811.159
769   74.9391    811.159
770   74.9391    811.159
771   74.9391    811.159
772   74.9391    811.159
773   74.9391    811.159
774   74.9391    811.159
775   74.9391    811.159
776   74.9391    811.159
777   74.9391    811.159
778   74.9391    811.159
779   74.9391    811.159
780   74.9391    811.159
781   74.9391    811.159
782   74.9391    811.159
783   74.9391    811.159
784   74.9391    811.159
785   74.9391    811.159
786   74.9391    811.159
787   74.9391    811.159
788   74.9391    811.159
789   74.9391    811.159
790   74.9391    811.159
791   74.9391    811.159
792   74.9391    811.159
793   74.9391    811.159
794   74.9391    811.159
795   74.9391    811.159
796   74.9391    811.159
797   74.9375    811.134
798   74.8259    809.35
799   74.4737    805.404
800   74.3883    805.197
801   74.3883    805.197
802   74.3883    805.197
803   74.3883    805.197
804   74.3873    805.181
805   74.3047    803.867
806   74.0711    801.425
807   74.0341    801.363
808   74.0341    801.363
809   74.0341    801.363
810   74.0341    801.363
811   74.0341    801.363
812   72.2897    773.778
813   67.7208    728.387
814   67.2364    727.784
815   67.2364    727.784
816   67.2364    727.784
817   67.2364    727.784
818   67.2364    727.784
819   67.2364    727.784
820   67.2364    727.784
821   67.2364    727.784
822   67.2364    727.784
823   67.2364    727.784
824   67.2364    727.784
825   67.2364    727.784
826   67.2364    727.784
827   67.2364    727.784
828   67.2364    727.784
829   67.2364    727.784
830   67.2364    727.784
831   67.2364    727.784
832   67.2364    727.784
833   67.2364    727.784
834   67.2364    727.784
835   67.2364    727.784
836   67.2364    727.784
837   67.2364    727.784
838   67.2364    727.784
839   67.2364    727.784
840   67.2364    727.784
841   67.2364    727.784
842   67.2364    727.784
843   67.2364    727.784
844   67.2364    727.784
845   67.2364    727.784
846   67.2364    727.784
847   67.2364    727.784
848   67.2364    727.784
849   67.2364    727.784
850   67.2364    727.784
851   67.2364    727.784
852   67.2364    727.784
853   67.2364    727.784
854   67.2364    727.784
855   67.2357    727.772
856   67.1869    726.99
857   67.0247    725.091
858   66.9736    724.939
859   66.9732    724.931
860   66.9372    724.358
861   66.8352    723.257
862   66.8142    723.214
863   66.814    723.21
864   66.7989    722.969
865   66.75    722.389
866   66.7331    722.336
867   66.7331    722.336
868   66.7331    722.336
869   66.7331    722.336
870   66.7331    722.336
871   66.7331    722.336
872   66.7331    722.336
873   66.7331    722.336
874   66.7331    722.336
875   66.7325    722.326
876   66.6905    721.655
877   66.5584    720.153
878   66.5108    719.866
879   66.4695    719.419
880   66.4624    719.406
881   66.4624    719.406
882   66.4624    719.406
883   66.4624    719.406
884   66.4624    719.406
885   66.4624    719.406
886   66.4624    719.406
887   66.4624    719.406
888   66.4624    719.406
889   66.4624    719.406
890   66.4624    719.406
891   66.4624    719.406
892   66.4624    719.406
893   66.4624    719.406
894   66.4624    719.406
895   66.4624    719.406
896   66.4624    719.406
897   66.4624    719.406
898   66.4624    719.406
899   66.4624    719.406
900   66.4624    719.406
901   66.4624    719.406
902   65.9938    711.947
903   64.5009    697.404
904   64.4252    697.354
905   64.4252    697.354
906   64.4252    697.354
907   64.4252    697.354
908   64.4252    697.354
909   64.4252    697.354
910   64.4252    697.354
911   64.4252    697.354
912   64.4252    697.354
913   64.4252    697.354
914   64.4252    697.354
915   64.4252    697.354
916   64.4251    697.352
917   64.4183    697.244
918   64.3979    697.02
919   64.3934    697.01
920   64.3934    697.01
921   64.3934    697.01
922   64.3934    697.01
923   64.3934    697.01
924   64.3934    697.01
925   64.3934    697.01
926   64.3934    697.01
927   64.3934    697.01
928   64.3934    697.01
929   64.3934    697.01
930   64.3934    697.01
931   64.3934    697.01
932   64.3934    697.01
933   64.3934    697.01
934   64.3934    697.01
935   64.3934    697.01
936   64.3934    697.01
937   64.3934    697.01
938   64.3934    697.01
939   64.3934    697.01
940   64.3934    697.01
941   64.3934    697.01
942   64.3934    697.01
943   64.3934    697.01
944   64.3934    697.01
945   64.3934    697.01
946   64.3934    697.01
947   64.3934    697.01
948   64.3934    697.01
949   64.3934    697.01
950   64.3934    697.01
951   64.3934    697.01
952   64.3934    697.01
953   64.3934    697.01
954   64.3934    697.01
955   64.3934    697.01
956   64.3934    697.01
957   64.3934    697.01
958   64.3934    697.01
959   64.3934    697.01
960   64.3934    697.01
961   64.3934    697.01
962   64.3934    697.01
963   64.3934    697.01
964   64.3934    697.01
965   64.3934    697.01
966   64.3934    697.01
967   64.3934    697.01
968   64.3934    697.01
969   64.3934    697.01
970   64.3934    697.01
971   64.3934    697.01
972   64.3934    697.01
973   64.3934    697.01
974   64.3934    697.01
975   64.3934    697.01
976   64.3934    697.01
977   64.3919    696.986
978   64.2702    695.052
979   63.9325    691.588
980   63.8861    691.519
981   63.8861    691.519
982   63.8861    691.519
983   63.8861    691.519
984   63.8861    691.519
985   63.8861    691.519
986   63.8861    691.519
987   63.8861    691.519
988   63.8861    691.519
989   63.8861    691.519
990   63.8861    691.519
991   63.8861    691.519
992   63.8861    691.519
993   63.8861    691.519
994   63.8861    691.519
995   63.8861    691.519
996   63.8861    691.519
997   63.8861    691.519
998   63.8861    691.519
999   63.8861    691.519
1000   63.8861    691.519
