1   2975.65    31786.9
2   2744.55    29248
3   2556.24    27308
4   2411.18    25870.7
5   2295.68    24662.1
6   2207.05    23720.5
7   2126.22    22875.7
8   2051.62    22012.8
9   1961.2    21151.3
10   1917.32    20683
11   1885.11    20322.2
12   1842.81    19833.4
13   1802.53    19465.7
14   1780.6    19220.8
15   1745.02    18825
16   1711.34    18471.3
17   1678.68    18094.6
18   1644.29    17778
19   1626.28    17537.3
20   1591.6    17157.9
21   1547.38    16664.1
22   1514.15    16331.4
23   1498.97    16187
24   1478.99    15974.9
25   1456.48    15717.1
26   1428.73    15417.4
27   1410.61    15237.1
28   1392.69    15029.7
29   1369.87    14775.2
30   1350.63    14581.6
31   1329.13    14374.6
32   1317.84    14213.3
33   1280.57    13803
34   1251.84    13525.7
35   1244.01    13449.6
36   1235.11    13362.9
37   1222.59    13172
38   1183.43    12756.4
39   1155.7    12419.5
40   1104.6    11874.6
41   1087.81    11750.5
42   1068.76    11514.6
43   1051.3    11359.8
44   1043.25    11275.8
45   1029.43    11095.7
46   1006.96    10864.8
47   986.812    10622.2
48   969.424    10472.1
49   959.173    10342.1
50   939.227    10131.5
51   928.587    10023.6
52   913.416    9854.84
53   895.881    9664.29
54   882.943    9542.15
55   876.344    9465.9
56   863.549    9314.96
57   849.976    9188.04
58   839.955    9066.46
59   829.78    8961.68
60   822.863    8896.15
61   817.844    8837.94
62   807.347    8716.49
63   795.146    8588.83
64   788.914    8533.04
65   783.469    8460.02
66   770.959    8306.73
67   761.07    8214.13
68   756.46    8182.59
69   748.833    8077.24
70   737.277    7969.33
71   734.208    7937.75
72   726.973    7854.03
73   720.138    7776.39
74   713.005    7707.19
75   706.767    7629.06
76   698.671    7550.38
77   693.791    7504.83
78   690.529    7465.77
79   685.925    7410
80   678.508    7327.37
81   672.137    7262.07
82   667.621    7214.16
83   660.945    7141.93
84   657.032    7102.44
85   652.226    7046.3
86   643.506    6946.45
87   637.033    6880.67
88   630.506    6816.85
89   627.518    6781.57
90   619.595    6688.03
91   608.388    6571.47
92   583.855    6244.08
93   541.486    5823.81
94   532.11    5746.91
95   526.521    5684.35
96   523.318    5663.99
97   522.078    5645.3
98   515.716    5562.14
99   506.796    5468.47
100   503.798    5450.87
101   502.538    5434.5
102   497.698    5369.53
103   487.978    5259.55
104   481.783    5210.89
105   479.888    5190.54
106   474.907    5121.11
107   464.86    5017.92
108   461.991    4998.51
109   460.619    4983.71
110   459.558    4971.8
111   458.458    4960.36
112   454.32    4897.5
113   440.637    4742.86
114   433.93    4682.78
115   431.297    4665.46
116   429.481    4644.03
117   426.669    4613.67
118   424.048    4581.79
119   418.282    4513.51
120   410.317    4416.33
121   400.195    4320.68
122   398.612    4312.66
123   396.705    4287.68
124   390.987    4215.27
125   383.592    4138.61
126   381.304    4125.6
127   380.652    4118.05
128   379.533    4105.57
129   378.586    4095.04
130   376.802    4074.66
131   374.703    4051.17
132   372.317    4023.43
133   369.55    3992.87
134   366.161    3957.72
135   363.807    3934
136   362.079    3916.45
137   360.406    3897.58
138   358.925    3881.54
139   356.968    3859.14
140   355.038    3840.8
141   354.253    3831.7
142   352.17    3806.88
143   350.111    3782.25
144   345.532    3728.9
145   343.622    3718.95
146   343.297    3714.91
147   342.633    3706.05
148   340.351    3677.8
149   336.703    3634.03
150   333.462    3600.37
151   328.555    3549.33
152   327.296    3541.37
153   325.064    3508.45
154   319.89    3456.84
155   318.889    3450.25
156   316.632    3417.22
157   311.047    3363.59
158   309.9    3351.23
159   308.492    3336.06
160   305.774    3300.57
161   300.917    3245.91
162   298.023    3224.93
163   297.568    3219.03
164   296.33    3205.16
165   296.045    3204.45
166   295.882    3201.83
167   295.33    3194.85
168   294.917    3191.64
169   291.179    3132.98
170   280.753    3026.39
171   276.096    2972.06
172   267.965    2886.02
173   265.336    2867.83
174   263.744    2852.5
175   262.468    2838.27
176   262.007    2835.89
177   261.991    2835.85
178   261.877    2834.03
179   261.545    2830.12
180   261.249    2826.92
181   259.129    2795.6
182   249.681    2679.08
183   237.187    2543.02
184   233.806    2529.93
185   233.559    2527.43
186   233.268    2523.98
187   232.429    2513.24
188   231.568    2505.15
189   231.005    2498.98
190   230.123    2489.15
191   229.851    2487.96
192   229.816    2487.4
193   229.45    2482.05
194   228.528    2471.86
195   228.26    2470.74
196   228.26    2470.74
197   228.255    2470.67
198   227.893    2464.9
199   226.707    2449.87
200   224.636    2424.49
201   222.489    2406.76
202   222.3    2406.23
203   222.3    2406.23
204   222.3    2406.23
205   222.3    2406.23
206   222.3    2406.23
207   222.298    2406.2
208   222.176    2404.23
209   221.787    2399.61
210   221.646    2399.16
211   221.646    2399.16
212   221.646    2399.16
213   221.646    2399.16
214   221.646    2399.16
215   221.607    2398.51
216   219.12    2358.72
217   209.538    2252.36
218   207.745    2248.68
219   207.743    2248.66
220   207.643    2247.05
221   207.292    2243.12
222   207.214    2242.93
223   207.185    2242.47
224   206.929    2238.74
225   206.341    2231.96
226   205.548    2222.42
227   204.288    2208.49
228   203.648    2204.33
229   203.648    2204.33
230   203.647    2204.33
231   203.62    2203.89
232   203.435    2201.42
233   203.124    2198.16
234   202.92    2195.67
235   202.158    2185.98
236   201.421    2179.54
237   201.16    2176.41
238   200.583    2170.31
239   200.276    2166.73
240   199.674    2159.77
241   198.827    2148.86
242   197.438    2134.34
243   197.022    2132.6
244   196.799    2129.03
245   196.097    2121.22
246   195.608    2115.6
247   194.624    2105.31
248   194.477    2105.07
249   194.477    2105.07
250   194.476    2105.06
251   194.41    2103.99
252   194.033    2098.81
253   193.419    2093.07
254   193.362    2093
255   193.362    2093
256   193.362    2093
257   193.357    2092.92
258   193.007    2087.33
259   191.287    2065.74
260   188.641    2035.26
261   187.243    2026.75
262   187.078    2024.13
263   186.635    2019.45
264   186.261    2014.63
265   185.269    2003.5
266   184.575    1996.73
267   184.433    1996.32
268   184.2    1992.64
269   183.525    1985.47
270   183.088    1980.46
271   182.865    1979.35
272   175.857    1868.99
273   157.392    1676.84
274   153.853    1664.62
275   153.537    1660.71
276   152.828    1652.88
277   152.612    1651.65
278   152.234    1646.27
279   151.492    1638.53
280   151.349    1638.24
281   151.349    1638.24
282   151.349    1638.24
283   151.343    1638.15
284   150.899    1631.06
285   149.569    1616.62
286   149.297    1616.01
287   149.094    1612.76
288   148.409    1604.87
289   148.198    1604.07
290   148.19    1604.05
291   148.19    1604.05
292   148.185    1603.97
293   147.96    1600.4
294   147.395    1594.53
295   146.971    1589.32
296   146.39    1584.45
297   146.112    1580.22
298   145.344    1572.25
299   145.236    1572.07
300   145.235    1572.06
301   145.182    1571.2
302   144.996    1569.06
303   144.945    1568.92
304   144.945    1568.92
305   144.945    1568.92
306   144.941    1568.85
307   144.613    1563.61
308   143.605    1552.02
309   143.304    1551.16
310   143.279    1550.75
311   143.192    1549.77
312   143.169    1549.69
313   143.061    1547.96
314   142.509    1540.87
315   141.612    1530.07
316   141.086    1526.95
317   141.067    1526.94
318   141.067    1526.94
319   141.067    1526.94
320   141.065    1526.92
321   140.984    1525.62
322   140.687    1522.47
323   140.647    1522.39
324   140.555    1520.91
325   140.298    1517.91
326   140.193    1517.42
327   139.524    1506.83
328   137.122    1480.72
329   135.432    1463.44
330   134.894    1459.2
331   134.261    1450.71
332   132.557    1430.44
333   131.544    1422.55
334   130.71    1412.57
335   130.086    1407.05
336   129.665    1401.99
337   128.078    1380.88
338   125.921    1360.12
339   125.535    1358.53
340   125.344    1356.23
341   125.11    1353.35
342   124.657    1348.02
343   124.484    1347.44
344   124.482    1347.42
345   124.391    1345.95
346   124.073    1342.13
347   123.957    1341.75
348   123.957    1341.75
349   123.957    1341.73
350   123.905    1340.91
351   123.748    1339.1
352   123.701    1338.97
353   123.701    1338.97
354   123.7    1338.96
355   123.643    1338.05
356   123.476    1336.31
357   123.452    1336.28
358   123.452    1336.28
359   123.452    1336.27
360   123.436    1336.02
361   123.372    1335.29
362   122.282    1318.22
363   119.705    1291.07
364   119.176    1289.99
365   119.176    1289.99
366   119.176    1289.99
367   119.171    1289.91
368   118.8    1283.99
369   117.764    1272.36
370   117.478    1271.61
371   117.478    1271.61
372   117.478    1271.61
373   117.464    1271.38
374   117.376    1270.21
375   117.194    1268.08
376   116.98    1266.02
377   116.879    1264.71
378   116.642    1261.94
379   116.358    1258.45
380   115.739    1251.71
381   115.571    1250.96
382   115.514    1250.06
383   115.075    1244.06
384   114.214    1235.26
385   114.103    1235.07
386   114.015    1233.65
387   113.644    1228.95
388   113.389    1226.91
389   113.097    1223.68
390   112.984    1222.77
391   112.957    1222.68
392   112.955    1222.64
393   112.814    1220.38
394   112.343    1214.94
395   112.207    1214.56
396   112.207    1214.56
397   112.206    1214.55
398   112.168    1213.94
399   112.034    1212.43
400   111.792    1208.93
401   111.095    1200.19
402   110.581    1196.05
403   109.899    1188.15
404   109.725    1187.69
405   109.723    1187.66
406   109.619    1185.98
407   109.256    1181.49
408   109.094    1180.86
409   109.089    1180.78
410   108.898    1177.74
411   108.362    1171.57
412   107.983    1167.73
413   107.334    1160.46
414   107.166    1159.98
415   107.031    1157.84
416   106.496    1151.26
417   105.906    1145.02
418   105.737    1144.52
419   105.732    1144.45
420   105.717    1144.27
421   105.708    1144.2
422   105.538    1141.48
423   105.01    1135.32
424   104.84    1134.81
425   104.84    1134.81
426   104.84    1134.81
427   104.84    1134.81
428   104.839    1134.8
429   104.775    1133.78
430   104.573    1131.58
431   104.491    1130.82
432   104.358    1129.34
433   103.92    1122.69
434   102.421    1106.47
435   102.182    1106.04
436   102.182    1106.04
437   102.179    1106
438   102.079    1104.4
439   101.803    1101.59
440   101.765    1101.53
441   101.765    1101.53
442   101.764    1101.52
443   101.739    1101.12
444   101.654    1100.14
445   101.631    1100.08
446   101.631    1100.08
447   101.626    1100
448   101.609    1099.81
449   101.605    1099.8
450   101.605    1099.8
451   101.605    1099.8
452   98.4393    1049.76
453   90.1124    965.64
454   89.0642    964.032
455   89.0486    963.849
456   88.9885    962.936
457   88.8002    960.778
458   88.7491    960.642
459   88.7491    960.642
460   88.7431    960.545
461   88.2502    952.71
462   86.7393    936.778
463   86.3545    934.134
464   86.1673    932.107
465   85.8152    927.98
466   85.6953    927.569
467   85.4716    923.991
468   84.6926    915.45
469   84.5471    915.158
470   84.5471    915.158
471   84.5471    915.158
472   84.5471    915.158
473   84.5471    915.158
474   84.5471    915.158
475   84.5471    915.158
476   84.5441    915.109
477   84.3246    911.607
478   83.7131    904.462
479   83.4951    903.771
480   83.4951    903.771
481   83.4951    903.771
482   83.4951    903.771
483   83.4951    903.771
484   83.4897    903.684
485   83.1206    897.783
486   81.9851    884.523
487   81.6118    883.386
488   81.6061    883.294
489   81.2331    877.335
490   79.9115    863.434
491   79.7456    863.186
492   79.7456    863.186
493   79.7456    863.186
494   79.7442    863.163
495   79.6522    861.689
496   79.3326    858.054
497   79.2516    857.832
498   79.1867    856.794
499   78.9613    854.258
500   78.8872    853.784
501   78.8122    852.935
502   78.7946    852.892
503   78.7946    852.892
504   78.7946    852.892
505   78.7941    852.884
506   78.7627    852.381
507   78.6526    851.124
508   78.6119    850.875
509   78.607    850.861
510   78.607    850.861
511   78.607    850.861
512   78.607    850.861
513   78.607    850.861
514   78.607    850.861
515   78.607    850.861
516   78.607    850.861
517   78.6034    850.804
518   78.3039    846.049
519   77.4176    837.54
520   77.3738    837.513
521   77.3738    837.513
522   77.3738    837.513
523   77.3738    837.513
524   77.3738    837.513
525   77.3738    837.513
526   77.3738    837.513
527   77.3732    837.503
528   77.33    836.812
529   77.1946    835.235
530   77.1514    835.106
531   77.1514    835.106
532   77.1514    835.106
533   77.1472    835.037
534   76.9585    832.049
535   76.4725    827.161
536   76.4093    827.073
537   76.4093    827.073
538   76.4092    827.072
539   76.404    826.988
540   76.3862    826.797
541   76.3833    826.791
542   76.3833    826.791
543   76.3817    826.766
544   76.2614    824.849
545   75.9079    821.046
546   75.8401    820.912
547   75.8401    820.912
548   75.8401    820.912
549   75.8401    820.912
550   75.8401    820.912
551   75.8401    820.912
552   75.8401    820.912
553   75.8368    820.858
554   75.5937    816.978
555   74.8577    808.773
556   74.6788    808.341
557   74.6788    808.341
558   74.6788    808.341
559   74.6788    808.341
560   74.6783    808.333
561   74.6505    807.888
562   74.5435    806.577
563   74.5024    806.432
564   74.5024    806.432
565   74.5024    806.432
566   74.5024    806.432
567   74.5013    806.415
568   74.4284    805.249
569   74.211    802.711
570   74.1378    802.485
571   74.1378    802.485
572   74.1378    802.485
573   74.1378    802.485
574   74.1378    802.485
575   74.1374    802.479
576   74.1071    801.995
577   74.0163    800.96
578   73.9808    800.736
579   73.9492    800.378
580   73.9412    800.358
581   73.9412    800.358
582   73.9412    800.358
583   73.9412    800.358
584   73.9412    800.358
585   73.9412    800.358
586   73.9408    800.351
587   73.9146    799.931
588   73.8198    798.817
589   73.791    798.732
590   73.791    798.732
591   73.791    798.732
592   73.791    798.732
593   73.791    798.732
594   73.791    798.732
595   73.791    798.732
596   73.791    798.732
597   73.791    798.732
598   73.7892    798.702
599   73.6637    796.695
600   73.2247    791.894
601   73.1448    791.737
602   73.1448    791.737
603   73.1448    791.737
604   73.1448    791.737
605   73.1448    791.737
606   73.1448    791.737
607   73.1448    791.737
608   73.1448    791.737
609   73.1448    791.737
610   73.1448    791.737
611   73.1448    791.737
612   73.142    791.692
613   72.9485    788.598
614   72.3966    781.951
615   72.1635    781.115
616   72.1624    781.098
617   72.0808    779.797
618   71.8005    777.097
619   71.7654    776.666
620   71.6788    775.71
621   71.6604    775.67
622   71.6598    775.66
623   71.6339    775.25
624   71.5679    774.608
625   71.5617    774.601
626   71.5617    774.601
627   71.5617    774.601
628   71.5617    774.601
629   71.5617    774.601
630   71.5617    774.601
631   71.5617    774.601
632   71.561    774.59
633   71.5159    773.869
634   71.3717    772.227
635   71.3329    772.124
636   71.3324    772.116
637   71.2992    771.585
638   71.1908    770.358
639   71.1632    770.288
640   71.1632    770.288
641   71.1632    770.288
642   71.1632    770.288
643   71.1632    770.288
644   71.1632    770.288
645   71.1632    770.288
646   71.1632    770.288
647   71.1632    770.288
648   71.1632    770.288
649   71.1632    770.288
650   71.1632    770.288
651   71.1624    770.274
652   71.1213    769.614
653   70.9592    767.535
654   70.8759    767.178
655   70.8759    767.178
656   70.8759    767.178
657   70.8759    767.178
658   70.8759    767.178
659   70.8759    767.178
660   70.8759    767.178
661   70.8759    767.178
662   70.8759    767.178
663   70.8759    767.178
664   70.8759    767.178
665   70.8759    767.178
666   70.8759    767.178
667   70.8759    767.178
668   70.8759    767.178
669   70.8759    767.178
670   70.8759    767.178
671   70.8759    767.178
672   70.8759    767.178
673   70.8759    767.178
674   70.8759    767.178
675   70.8741    767.149
676   70.7334    764.908
677   70.362    760.728
678   70.2524    760.429
679   70.2524    760.429
680   70.2524    760.429
681   70.2524    760.429
682   70.2509    760.405
683   70.1643    759.014
684   69.8127    754.977
685   69.7297    754.772
686   69.7297    754.772
687   69.7287    754.755
688   69.6632    753.706
689   69.4297    751.014
690   69.367    750.845
691   69.367    750.845
692   69.367    750.845
693   69.367    750.845
694   69.3658    750.826
695   69.2758    749.392
696   69.0157    746.581
697   68.9629    746.471
698   68.9629    746.471
699   68.9629    746.471
700   68.9629    746.471
701   68.9629    746.471
702   68.9629    746.471
703   68.9622    746.46
704   68.9158    745.718
705   68.7712    744.048
706   68.7275    743.923
707   68.7275    743.923
708   68.7275    743.923
709   68.727    743.916
710   68.6979    743.449
711   68.6045    742.324
712   68.5681    742.198
713   68.5679    742.195
714   68.5518    741.937
715   68.2897    737.975
716   67.6631    731.306
717   67.5383    731.051
718   67.5383    731.051
719   67.5383    731.051
720   67.5379    731.045
721   67.5234    730.814
722   67.4913    730.44
723   67.4776    730.394
724   67.4776    730.394
725   67.4776    730.394
726   67.4776    730.394
727   67.4776    730.394
728   67.4776    730.394
729   67.4776    730.394
730   67.4776    730.394
731   67.4776    730.394
732   67.4776    730.394
733   67.4776    730.394
734   67.4776    730.394
735   67.4776    730.394
736   67.4776    730.394
737   67.4776    730.394
738   67.4776    730.394
739   67.4776    730.394
740   67.4746    730.346
741   67.3132    727.752
742   66.6262    719.742
743   66.4502    719.273
744   66.4502    719.273
745   66.4502    719.273
746   66.4502    719.273
747   66.4502    719.273
748   66.4502    719.273
749   66.4502    719.273
750   66.4502    719.273
751   66.4502    719.273
752   66.4502    719.273
753   66.4502    719.273
754   66.4502    719.273
755   66.4502    719.273
756   66.4502    719.273
757   66.4502    719.273
758   66.4502    719.273
759   66.4499    719.269
760   66.4303    718.955
761   66.3711    718.299
762   66.3573    718.267
763   66.3561    718.249
764   66.2862    717.128
765   66.0536    714.343
766   65.9686    714.06
767   65.9686    714.06
768   65.9682    714.054
769   65.9454    713.687
770   65.8506    712.566
771   65.8233    712.487
772   65.8233    712.487
773   65.8228    712.479
774   65.779    711.783
775   65.656    710.515
776   65.6386    710.488
777   65.6386    710.488
778   65.6386    710.488
779   65.637    710.462
780   65.5476    709.027
781   65.2364    705.092
782   65.0801    704.443
783   65.0801    704.443
784   65.0801    704.443
785   65.0801    704.443
786   65.0801    704.443
787   65.0801    704.443
788   65.0801    704.443
789   65.0801    704.443
790   65.0801    704.443
791   65.0801    704.443
792   65.0801    704.443
793   65.0801    704.443
794   65.0801    704.443
795   65.0801    704.443
796   65.0801    704.443
797   65.0801    704.443
798   65.0801    704.443
799   65.0801    704.443
800   65.0801    704.443
801   65.0801    704.443
802   65.0793    704.43
803   65.0138    703.387
804   64.8333    701.427
805   64.7935    701.34
806   64.7935    701.34
807   64.7935    701.34
808   64.7935    701.34
809   64.7935    701.34
810   64.7935    701.34
811   64.7935    701.34
812   64.7935    701.34
813   64.7935    701.34
814   64.7935    701.34
815   64.7935    701.34
816   64.7935    701.34
817   64.7935    701.34
818   64.7935    701.34
819   64.7935    701.34
820   64.7935    701.34
821   64.7935    701.34
822   64.7935    701.34
823   64.7935    701.34
824   64.7935    701.34
825   64.7935    701.34
826   64.7935    701.34
827   64.7935    701.34
828   64.7935    701.34
829   64.7935    701.34
830   64.7935    701.34
831   64.7935    701.34
832   64.7935    701.34
833   64.7935    701.34
834   64.7935    701.34
835   64.7935    701.34
836   64.7935    701.34
837   64.7935    701.34
838   64.7935    701.34
839   64.7935    701.34
840   64.7935    701.34
841   64.7935    701.34
842   64.7935    701.34
843   64.7935    701.34
844   64.7935    701.34
845   64.7935    701.34
846   64.7935    701.34
847   64.7935    701.34
848   64.7935    701.34
849   64.7935    701.34
850   64.7935    701.34
851   64.7935    701.34
852   64.7935    701.34
853   64.7935    701.34
854   64.7935    701.34
855   64.7935    701.34
856   64.7935    701.34
857   64.7935    701.34
858   64.7935    701.34
859   64.7935    701.34
860   64.7935    701.34
861   64.7935    701.34
862   64.7935    701.34
863   64.7935    701.34
864   64.7935    701.34
865   64.7935    701.34
866   64.7935    701.34
867   64.7935    701.34
868   64.7935    701.34
869   64.7935    701.34
870   64.7935    701.34
871   64.7935    701.34
872   64.7935    701.34
873   64.7935    701.34
874   64.7935    701.34
875   64.7935    701.34
876   64.7935    701.34
877   64.7935    701.34
878   64.7935    701.34
879   64.7935    701.34
880   64.7935    701.34
881   64.7935    701.34
882   64.7935    701.34
883   64.7935    701.34
884   64.7935    701.34
885   64.7935    701.34
886   64.7935    701.34
887   64.7935    701.34
888   64.7935    701.34
889   64.7935    701.34
890   64.7935    701.34
891   64.7935    701.34
892   64.7935    701.34
893   64.7935    701.34
894   64.7935    701.34
895   64.7935    701.34
896   64.7935    701.34
897   64.7935    701.34
898   64.7935    701.34
899   64.7935    701.34
900   64.7935    701.34
901   64.7935    701.34
902   64.7935    701.34
903   64.7935    701.34
904   64.7935    701.34
905   64.7935    701.34
906   64.7935    701.34
907   64.7935    701.34
908   64.7935    701.34
909   64.7935    701.34
910   64.7935    701.34
911   64.7935    701.34
912   64.7935    701.34
913   64.7935    701.34
914   64.7935    701.34
915   64.7935    701.34
916   64.7935    701.34
917   64.7935    701.34
918   64.7935    701.34
919   64.7935    701.34
920   64.7935    701.34
921   64.7935    701.34
922   64.7935    701.34
923   64.7935    701.34
924   64.7935    701.34
925   64.7935    701.34
926   64.7935    701.34
927   64.7935    701.34
928   64.7935    701.34
929   64.7935    701.34
930   64.7935    701.34
931   64.7935    701.34
932   64.7935    701.34
933   64.7935    701.34
934   64.7935    701.34
935   64.7935    701.34
936   64.7935    701.34
937   64.7935    701.34
938   64.7935    701.34
939   64.7935    701.34
940   64.7935    701.34
941   64.7935    701.34
942   64.7935    701.34
943   64.7935    701.34
944   64.7935    701.34
945   64.7935    701.34
946   64.7935    701.34
947   64.7935    701.34
948   64.7935    701.34
949   64.7935    701.34
950   64.7935    701.34
951   64.7935    701.34
952   64.7935    701.34
953   64.7935    701.34
954   64.7935    701.34
955   64.7935    701.34
956   64.7935    701.34
957   64.7935    701.34
958   64.7935    701.34
959   64.7935    701.34
960   64.7935    701.34
961   64.7935    701.34
962   64.7935    701.34
963   64.7935    701.34
964   64.7935    701.34
965   64.7935    701.34
966   64.7935    701.34
967   64.7935    701.34
968   64.7935    701.34
969   64.7935    701.34
970   64.7935    701.34
971   64.7935    701.34
972   64.7935    701.34
973   64.7935    701.34
974   64.7935    701.34
975   64.7935    701.34
976   64.7935    701.34
977   64.7935    701.34
978   64.7935    701.34
979   64.7935    701.34
980   64.7935    701.34
981   64.7935    701.34
982   64.7935    701.34
983   64.7935    701.34
984   64.7935    701.34
985   64.7935    701.34
986   64.7935    701.34
987   64.7935    701.34
988   64.7935    701.34
989   64.7935    701.34
990   64.7935    701.34
991   64.7935    701.34
992   64.7935    701.34
993   64.7935    701.34
994   64.7935    701.34
995   64.7935    701.34
996   64.7935    701.34
997   64.7935    701.34
998   64.7935    701.34
999   64.7935    701.34
1000   64.7935    701.34
