1   2529.73
2   2406.33
3   2345.79
4   2183.38
5   2148.2
6   2183.38
7   2189.36
8   1876.66
9   1876.66
10   1876.51
11   1803.73
12   1704.95
13   1800.25
14   1686.22
15   1693.71
16   1660.82
17   1527.32
18   1527.32
19   1497.32
20   1438.99
21   1372.95
22   1372.95
23   1281.77
24   1472.84
25   1251.34
26   1242.42
27   1193.26
28   1116.75
29   1181.26
30   1113.71
31   1088.84
32   1061.11
33   1061.11
34   1021.1
35   1052.41
36   1007.55
37   1021.1
38   1007.55
39   979.123
40   949.465
41   937.945
42   917.746
43   937.945
44   917.746
45   887.388
46   864.868
47   878.095
48   842.68
49   839.891
50   1039.05
51   838.776
52   833.44
53   817.524
54   802.898
55   801.784
56   797.067
57   781.722
58   781.722
59   753.449
60   753.449
61   710.21
62   716.74
63   720.169
64   684.575
65   684.575
66   671.613
67   676.567
68   681.26
69   665.11
70   671.613
71   655.541
72   650.996
73   646.596
74   644.938
75   641.12
76   633.99
77   610.053
78   607.797
79   602.725
80   602.489
81   598.866
82   598.61
83   580.157
84   565.828
85   562.333
86   565.833
87   562.333
88   562.333
89   543.983
90   534.966
91   536.155
92   529.816
93   534.966
94   518.307
95   518.307
96   529.816
97   497.064
98   499.598
99   499.598
100   492.547
101   495.321
102   494.29
103   485.697
104   483.456
105   481.395
106   592.324
107   478.328
108   481.395
109   477.797
110   477.797
111   786.2
112   452.84
113   452.84
114   448.184
115   444.703
116   444.703
117   435.662
118   442.108
119   432.626
120   432.096
121   442.852
122   427.234
123   422.654
124   422.654
125   422.654
126   408.827
127   413.001
128   408.826
129   408.826
130   406.517
131   406.517
132   400.278
133   406.517
134   393.991
135   393.59
136   393.59
137   390.054
138   389.653
139   388.877
140   385.697
141   376.463
142   383.833
143   377.192
144   371.187
145   370.458
146   371.187
147   367.866
148   365.839
149   365.839
150   365.839
151   364.396
152   364.396
153   363.923
154   362.479
155   359.632
156   361.751
157   359.632
158   359.632
159   356.039
160   356.039
161   355.13
162   355.13
163   437.61
164   344.967
165   339.825
166   335.565
167   480.03
168   333.607
169   331.585
170   331.585
171   331.585
172   331.585
173   331.585
174   328.655
175   330.083
176   328.244
177   325.797
178   320.358
179   319.401
180   254.322
181   317.314
182   250.316
183   254.322
184   250.316
185   250.316
186   250.316
187   247.728
188   251.733
189   240.411
190   240.411
191   242.306
192   236.816
193   231.964
194   233.287
195   231.813
196   229.413
197   229.818
198   229.413
199   229.413
200   225.363
201   225.363
202   222.339
203   218.723
204   222.339
205   218.723
206   217.412
207   217.412
208   217.078
209   217.078
210   217.078
211   215.626
212   215.144
213   215.144
214   215.144
215   215.144
216   215.144
217   212.268
218   212.268
219   211.534
220   410.952
221   209.717
222   209.717
223   206.383
224   209.124
225   205.595
226   204.358
227   204.262
228   204.358
229   202.771
230   202.771
231   202.771
232   202.514
233   202.057
234   202.057
235   201.096
236   200.46
237   200.287
238   377.235
239   200.16
240   200.065
241   197.483
242   199.692
243   199.692
244   197.111
245   197.111
246   197.111
247   197.111
248   192.658
249   192.658
250   197.111
251   276.899
252   192.658
253   190.455
254   190.455
255   190.455
256   190.455
257   190.008
258   186.718
259   186.718
260   184.076
261   184.076
262   184.076
263   184.076
264   181.93
265   181.45
266   181.45
267   181.45
268   179.719
269   179.719
270   179.262
271   179.262
272   179.262
273   179.262
274   168.203
275   179.262
276   168.203
277   167.192
278   167.192
279   167.192
280   163.537
281   163.537
282   163.537
283   163.537
284   162.725
285   161.198
286   161.198
287   161.198
288   161.198
289   161.055
290   160.677
291   157.224
292   157.08
293   157.08
294   157.08
295   153.562
296   155.897
297   153.562
298   153.562
299   153.017
300   153.017
301   153.017
302   153.017
303   152.287
304   151.627
305   151.627
306   150.972
307   151.627
308   150.972
309   151.627
310   149.326
311   149.481
312   149.326
313   400.75
314   148.613
315   151.573
316   149.123
317   148.495
318   148.291
319   146.084
320   145.856
321   145.856
322   145.856
323   145.451
324   144.714
325   144.942
326   330.696
327   144.295
328   144.714
329   144.295
330   144.295
331   144.295
332   144.295
333   144.295
334   144.189
335   143.582
336   143.582
337   143.582
338   143.582
339   144.959
340   143.475
341   143.475
342   143.475
343   143.475
344   142.992
345   142.848
346   142.848
347   142.848
348   196.601
349   142.973
350   142.848
351   142.848
352   142.698
353   142.446
354   139.215
355   139.215
356   139.215
357   122.282
358   122.282
359   122.282
360   122.282
361   122.282
362   122.282
363   119.447
364   119.447
365   119.447
366   119.447
367   118.263
368   118.263
369   118.263
370   118.263
371   118.263
372   118.263
373   118.263
374   118.263
375   118.263
376   118.263
377   118.263
378   118.263
379   118.263
380   117.412
381   117.412
382   117.06
383   116.784
384   116.784
385   116.784
386   152.923
387   113.965
388   113.233
389   113.233
390   113.233
391   113.233
392   113.233
393   112.054
394   112.054
395   112.054
396   111.751
397   111.751
398   111.123
399   111.123
400   111.123
401   118.735
402   110.048
403   110.421
404   110.048
405   110.048
406   110.048
407   110.048
408   109.893
409   109.873
410   109.873
411   109.893
412   109.873
413   109.873
414   109.667
415   109.667
416   286.251
417   109.873
418   109.667
419   109.667
420   109.667
421   109.667
422   109.667
423   109.667
424   109.667
425   109.667
426   109.667
427   109.667
428   110.652
429   139.62
430   109.667
431   109.659
432   109.667
433   170.259
434   109.659
435   109.659
436   109.659
437   109.659
438   108.633
439   109.659
440   109.659
441   108.633
442   108.633
443   106.444
444   106.444
445   106.444
446   106.444
447   106.444
448   112.431
449   106.444
450   101.605
451   106.248
452   101.605
453   101.605
454   101.605
455   99.3621
456   178.01
457   99.1924
458   99.1924
459   99.1924
460   99.1924
461   99.1924
462   99.1924
463   99.1924
464   99.0218
465   99.1924
466   99.0218
467   97.9497
468   97.9497
469   97.9497
470   97.8709
471   97.8709
472   97.3608
473   97.3608
474   97.1266
475   97.3608
476   97.1121
477   96.9883
478   96.9883
479   96.9883
480   96.9883
481   96.9883
482   96.1999
483   96.1999
484   96.1999
485   96.1999
486   96.1999
487   96.1999
488   96.5147
489   96.0894
490   96.0894
491   96.0894
492   96.0894
493   96.0894
494   133.115
495   96.0894
496   95.544
497   95.544
498   95.544
499   95.544
500   95.544
501   95.544
502   95.544
503   95.544
504   100.214
505   95.0442
506   97.434
507   102.016
508   95.0442
509   95.0442
510   94.7645
511   92.8763
512   91.1232
513   91.1232
514   91.1232
515   90.6781
516   90.6781
517   90.6781
518   90.5575
519   90.5575
520   90.4004
521   90.4004
522   90.5575
523   90.4004
524   90.4004
525   90.4004
526   90.4004
527   90.4004
528   89.5642
529   88.3651
530   90.4004
531   88.3651
532   88.3651
533   88.3651
534   88.2578
535   87.7437
536   87.6363
537   88.2578
538   87.6363
539   87.6363
540   76.3833
541   76.3833
542   85.5499
543   76.3833
544   76.3833
545   76.3833
546   76.3833
547   76.3833
548   76.3833
549   76.3833
550   76.3833
551   76.3833
552   76.3833
553   76.3833
554   76.3833
555   76.3833
556   76.3833
557   76.3833
558   76.3833
559   76.3833
560   76.3833
561   76.3833
562   76.3833
563   76.3833
564   76.3833
565   76.3833
566   76.3833
567   76.3833
568   76.3833
569   80.8027
570   75.5793
571   75.5793
572   75.5793
573   75.3537
574   75.5793
575   75.3537
576   75.3537
577   75.3537
578   75.3537
579   75.3537
580   75.9986
581   75.3537
582   75.3537
583   75.3537
584   75.3537
585   75.3537
586   75.2404
587   75.2404
588   75.2404
589   75.2404
590   75.2404
591   75.2404
592   75.0018
593   75.0018
594   75.0018
595   75.0018
596   75.0018
597   75.0018
598   75.0018
599   75.0018
600   75.0018
601   75.0018
602   75.0018
603   75.0018
604   75.0018
605   344.605
606   75.0018
607   75.0018
608   75.0018
609   75.0018
610   74.8985
611   74.8985
612   74.8985
613   74.8985
614   74.8985
615   74.5773
616   74.5773
617   74.5773
618   74.5773
619   74.5773
620   74.5773
621   74.5773
622   74.5773
623   74.5773
624   74.5773
625   74.5773
626   74.5773
627   74.5773
628   74.5773
629   74.5773
630   71.5617
631   74.5773
632   74.7384
633   74.5773
634   71.5617
635   71.5617
636   71.5617
637   71.5617
638   71.5617
639   71.5617
640   71.5617
641   71.5617
642   71.5617
643   71.5617
644   71.5617
645   71.5617
646   71.5617
647   71.5617
648   71.5617
649   71.5617
650   71.3329
651   71.5617
652   71.3329
653   71.3329
654   71.3329
655   71.3329
656   71.3329
657   71.3329
658   71.3329
659   71.3329
660   71.3329
661   71.3329
662   71.1632
663   71.1632
664   71.1632
665   71.1632
666   71.1632
667   71.1632
668   71.1632
669   71.1632
670   71.1632
671   71.1632
672   71.1632
673   71.1632
674   71.1632
675   71.1632
676   71.1632
677   71.1632
678   71.1632
679   71.1632
680   71.1632
681   71.1632
682   71.1632
683   71.1632
684   71.1632
685   72.3489
686   71.1632
687   71.1632
688   85.9136
689   71.1632
690   71.1632
691   71.1632
692   71.1632
693   71.1632
694   71.1632
695   71.1632
696   71.1504
697   71.1504
698   71.1632
699   71.1504
700   69.7254
701   71.1504
702   197.03
703   69.7254
704   69.7254
705   69.6293
706   69.6293
707   69.7254
708   69.6293
709   69.6293
710   69.6293
711   69.6293
712   69.6293
713   69.6293
714   69.6293
715   85.9179
716   69.6293
717   69.6293
718   69.6293
719   276.584
720   67.4776
721   69.6293
722   67.4776
723   67.4776
724   67.4776
725   67.4776
726   67.4776
727   67.4776
728   67.4776
729   67.4776
730   67.4776
731   206.723
732   144.823
733   67.4776
734   67.4776
735   67.4776
736   67.4776
737   67.4776
738   67.4776
739   67.4776
740   67.4776
741   67.4776
742   67.4776
743   67.0809
744   69.2984
745   67.4776
746   67.0809
747   67.0809
748   67.0809
749   67.0809
750   67.0809
751   67.0809
752   67.0809
753   67.0809
754   67.0809
755   67.0809
756   67.0809
757   67.0809
758   67.0809
759   67.0809
760   67.0809
761   67.0809
762   67.0809
763   67.0809
764   67.0809
765   68.0244
766   67.0809
767   67.0809
768   67.0809
769   67.0809
770   67.0809
771   67.0809
772   67.0809
773   67.0809
774   67.0809
775   67.0809
776   67.0809
777   66.988
778   66.988
779   344.582
780   66.988
781   66.988
782   66.988
783   66.988
784   66.8427
785   66.8427
786   66.8427
787   66.8427
788   66.8427
789   66.8427
790   196.616
791   66.8427
792   66.8427
793   66.8427
794   66.8427
795   66.8427
796   66.8427
797   66.8427
798   66.8631
799   66.658
800   66.658
801   66.658
802   66.658
803   66.658
804   66.658
805   66.658
806   66.658
807   66.658
808   66.658
809   253.559
810   64.7935
811   66.658
812   64.7935
813   64.7935
814   64.7935
815   64.7935
816   64.7935
817   64.7935
818   64.7935
819   64.7935
820   64.7935
821   64.7935
822   64.7935
823   64.7935
824   64.7935
825   64.7935
826   64.7935
827   64.7935
828   64.7935
829   64.7935
830   64.7935
831   64.7935
832   64.7935
833   64.7935
834   65.8563
835   64.7935
836   64.7935
837   64.7935
838   64.7935
839   64.7935
840   64.7935
841   64.7935
842   64.7935
843   64.7935
844   64.7935
845   64.7935
846   64.7935
847   64.7935
848   64.7935
849   64.7935
850   64.7935
851   64.7935
852   64.7935
853   64.7935
854   64.7935
855   64.7935
856   91.5481
857   64.7935
858   64.7935
859   124.149
860   64.7935
861   64.7935
862   64.7935
863   64.7935
864   210.768
865   64.7935
866   64.7935
867   66.8226
868   64.7935
869   64.7935
870   64.7935
871   64.7935
872   64.7935
873   64.7935
874   64.7935
875   64.7935
876   64.7935
877   64.7935
878   64.7935
879   64.7935
880   64.7935
881   64.7935
882   64.7935
883   64.7935
884   65.8871
885   64.7935
886   64.7935
887   171.648
888   64.7935
889   64.7935
890   64.7935
891   64.7935
892   64.7935
893   64.7935
894   64.7935
895   64.7935
896   64.7935
897   64.7935
898   64.7935
899   64.7935
900   64.7935
901   64.7935
902   64.7935
903   64.7935
904   64.7935
905   64.7935
906   64.7935
907   64.7935
908   64.7935
909   64.7935
910   64.7935
911   64.7935
912   64.7935
913   64.7935
914   64.7935
915   64.7935
916   64.7935
917   64.7935
918   64.7935
919   91.8602
920   64.7935
921   64.7935
922   64.7935
923   64.7935
924   64.7935
925   64.7935
926   64.7935
927   64.7935
928   64.7935
929   324.526
930   64.7935
931   64.7935
932   64.7935
933   122.273
934   64.7935
935   64.7935
936   64.7935
937   64.7935
938   64.7935
939   64.7935
940   64.7935
941   64.7935
942   64.7935
943   64.7935
944   64.7935
945   64.7935
946   64.7935
947   64.7935
948   64.7935
949   64.7935
950   66.0784
951   64.7935
952   64.7935
953   64.7935
954   64.7935
955   64.7935
956   64.7935
957   64.7935
958   64.7935
959   64.7935
960   64.7935
961   64.7935
962   64.7935
963   64.7935
964   64.7935
965   64.7935
966   64.7935
967   261.505
968   64.7935
969   64.7935
970   64.7935
971   64.7935
972   64.7935
973   64.7935
974   64.7935
975   64.7935
976   64.7935
977   64.7935
978   64.7935
979   64.7935
980   119.803
981   64.7935
982   64.7935
983   64.7935
984   64.7935
985   64.7935
986   64.7935
987   64.7935
988   64.7935
989   64.7935
990   64.7935
991   64.7935
992   64.7935
993   64.7935
994   64.7935
995   64.7935
996   64.7935
997   64.7935
998   64.7935
999   64.7935
1000   64.7935
