1   2576
2   2773.36
3   2348.04
4   2362.98
5   2184.48
6   2157.46
7   2053.77
8   1978.14
9   1978.14
10   1888.89
11   1974.08
12   1974.08
13   1748.72
14   1683.47
15   1717.95
16   1676.97
17   1718.53
18   1562.36
19   1538.76
20   1580.49
21   1516.19
22   1483.28
23   1540.04
24   1483.28
25   1461.91
26   1289.65
27   1289.65
28   1376.37
29   1281.45
30   1245.45
31   1190.3
32   1202.62
33   1170.43
34   1143.36
35   1134.5
36   1134.5
37   1089.77
38   1079.83
39   1125.7
40   1069.3
41   978.825
42   978.825
43   978.825
44   1002.32
45   951.772
46   944.607
47   935.505
48   925.394
49   919.938
50   926.579
51   911.844
52   880.938
53   902.303
54   890.097
55   880.938
56   875.907
57   860.603
58   874.453
59   825.155
60   874.453
61   859.149
62   825.155
63   818.016
64   818.016
65   773.974
66   807.549
67   766.536
68   766.536
69   773.974
70   723.715
71   725.513
72   725.513
73   681.511
74   679.951
75   681.511
76   656.259
77   656.259
78   638.873
79   642.469
80   638.873
81   633.921
82   623.271
83   610.363
84   633.921
85   606.151
86   579.846
87   683.68
88   563.424
89   558.94
90   536.155
91   536.155
92   537.111
93   534.966
94   515.337
95   515.337
96   573.227
97   508.309
98   504.98
99   496.929
100   496.929
101   496.929
102   488.852
103   496.417
104   488.852
105   482.287
106   474.409
107   474.409
108   472.046
109   464.787
110   464.787
111   463.691
112   455.029
113   450.026
114   455.029
115   450.026
116   447.834
117   447.834
118   437.878
119   420.497
120   420.497
121   417.389
122   417.389
123   415.033
124   407.852
125   405.688
126   410.208
127   405.688
128   405.688
129   397.025
130   405.688
131   400.123
132   395.716
133   390.223
134   390.223
135   385.578
136   385.736
137   385.736
138   380.007
139   370.117
140   370.117
141   369.604
142   369.448
143   363.369
144   363.369
145   363.369
146   363.369
147   360.658
148   356.737
149   352.738
150   352.512
151   349.656
152   345.466
153   385.682
154   370.375
155   342.899
156   344.732
157   342.881
158   342.881
159   339.806
160   365.179
161   335.743
162   335.743
163   335.743
164   314.288
165   312.503
166   314.288
167   310.537
168   307.601
169   307.601
170   307.509
171   305.724
172   302.639
173   302.696
174   298.284
175   298.284
176   298.284
177   292.833
178   292.833
179   292.32
180   289.981
181   289.981
182   285.554
183   285.554
184   287.997
185   284.885
186   285.554
187   284.885
188   282.876
189   278.143
190   278.143
191   276.668
192   276.668
193   277.164
194   266.323
195   266.04
196   262.913
197   266.04
198   266.217
199   262.913
200   259.673
201   258.799
202   258.799
203   260.126
204   256.344
205   254.171
206   254.171
207   252.554
208   247.373
209   249.629
210   244.958
211   244.958
212   244.62
213   248.595
214   243.86
215   243.64
216   243.64
217   241.779
218   240.346
219   239.117
220   229.588
221   228.359
222   229.305
223   227.371
224   225.859
225   226.142
226   225.859
227   225.859
228   224.521
229   224.521
230   224.521
231   222.493
232   222.493
233   222.34
234   220.713
235   220.187
236   219.057
237   218.475
238   218.475
239   217.949
240   218.475
241   217.949
242   217.949
243   294.355
244   216.248
245   287.028
246   216.248
247   215.924
248   215.924
249   215.924
250   214.047
251   212.669
252   212.669
253   206.557
254   205.148
255   203.599
256   203.368
257   203.197
258   203.197
259   200.763
260   203.197
261   200.763
262   200.001
263   289.492
264   198.636
265   200.001
266   198.636
267   198.636
268   196.872
269   196.872
270   179.262
271   196.815
272   179.262
273   179.118
274   178.276
275   178.276
276   178.276
277   178.276
278   178.276
279   178.276
280   163.432
281   163.432
282   163.432
283   163.432
284   162.065
285   162.065
286   162.065
287   161.099
288   161.103
289   158.124
290   158.124
291   160.895
292   157.104
293   157.104
294   157.104
295   156.374
296   156.423
297   153.339
298   153.339
299   153.339
300   150.772
301   366.791
302   150.772
303   150.772
304   150.772
305   141.73
306   140.71
307   140.71
308   140.71
309   140.71
310   140.71
311   139.265
312   135.983
313   135.679
314   135.679
315   133.917
316   133.755
317   135.222
318   133.725
319   133.077
320   133.268
321   328.367
322   133.077
323   132.171
324   131.38
325   131.38
326   131.38
327   131.38
328   125.358
329   131.574
330   125.358
331   376.979
332   124.15
333   123.556
334   123.107
335   123.107
336   123.107
337   122.478
338   122.478
339   122.478
340   121.144
341   121.144
342   121.144
343   121.144
344   121.144
345   121.144
346   121.05
347   120.692
348   120.598
349   120.27
350   120.27
351   120.27
352   120.13
353   119.939
354   120.13
355   119.939
356   119.8
357   119.8
358   119.8
359   119.456
360   119.456
361   119.456
362   119.456
363   119.456
364   119.456
365   119.351
366   119.163
367   119.163
368   119.163
369   119.163
370   119.163
371   117.037
372   117.142
373   116.329
374   116.329
375   115.958
376   115.958
377   115.958
378   115.958
379   115.958
380   115.958
381   115.958
382   115.958
383   115.885
384   115.885
385   115.885
386   115.885
387   115.501
388   115.501
389   115.501
390   115.25
391   115.25
392   113.642
393   113.642
394   113.642
395   113.642
396   113.642
397   113.642
398   113.642
399   113.002
400   113.002
401   113.002
402   113.002
403   113.002
404   113.002
405   113.002
406   113.002
407   112.454
408   112.454
409   112.454
410   112.454
411   112.454
412   144.411
413   111.489
414   185.778
415   111.392
416   111.392
417   111.032
418   111.032
419   111.032
420   111.032
421   111.032
422   111.032
423   111.032
424   111.032
425   111.032
426   110.739
427   110.739
428   109.98
429   110.739
430   190.63
431   110.739
432   109.858
433   109.858
434   109.858
435   109.858
436   109.858
437   109.436
438   109.436
439   109.436
440   109.436
441   108.696
442   109.436
443   108.696
444   107.864
445   108.604
446   107.39
447   107.39
448   106.884
449   106.884
450   105.815
451   106.431
452   105.978
453   105.539
454   105.539
455   105.137
456   105.137
457   105.137
458   105.137
459   104.031
460   105.137
461   104.031
462   104.031
463   104.031
464   104.031
465   104.031
466   101.998
467   101.998
468   101.998
469   101.998
470   101.998
471   101.998
472   101.998
473   101.998
474   101.998
475   101.998
476   101.998
477   101.903
478   101.823
479   101.823
480   101.668
481   101.668
482   101.668
483   101.378
484   101.228
485   101.228
486   101.228
487   101.228
488   100.16
489   100.16
490   100.16
491   99.9852
492   99.9852
493   99.9852
494   99.9852
495   99.8688
496   99.8688
497   99.8688
498   99.8688
499   99.8688
500   99.8688
501   99.8688
502   99.8688
503   99.8688
504   99.8688
505   99.7084
506   99.7084
507   99.7084
508   99.7084
509   99.7084
510   99.2254
511   99.2254
512   99.0773
513   98.8694
514   98.8694
515   98.8694
516   98.8694
517   98.8694
518   98.8694
519   98.3816
520   98.3816
521   98.8694
522   98.3816
523   98.3816
524   98.3816
525   98.3816
526   98.3816
527   98.3816
528   98.3816
529   98.3816
530   98.3816
531   98.3816
532   98.3816
533   98.2148
534   98.2148
535   98.2148
536   98.2148
537   98.2148
538   98.2148
539   98.2148
540   85.5499
541   87.6363
542   85.5499
543   85.5499
544   84.6127
545   84.6127
546   84.6127
547   84.0269
548   84.0269
549   84.0269
550   83.8019
551   84.0269
552   83.8019
553   83.8019
554   83.8019
555   83.8019
556   83.8019
557   83.8019
558   83.8019
559   83.3295
560   83.8019
561   83.3295
562   83.3295
563   83.3295
564   83.3295
565   83.3295
566   83.3295
567   83.3295
568   83.3295
569   83.3295
570   83.3295
571   83.3295
572   83.2033
573   83.2033
574   83.2033
575   83.2033
576   83.2033
577   83.2033
578   83.2033
579   83.2033
580   83.2033
581   83.0895
582   83.0895
583   84.692
584   83.0895
585   83.0895
586   83.0895
587   83.0895
588   83.0895
589   83.0895
590   83.0895
591   83.0895
592   83.0895
593   82.8952
594   82.6441
595   82.6441
596   82.8952
597   103.19
598   81.2371
599   81.2371
600   81.2371
601   81.2371
602   80.4411
603   80.4411
604   80.4411
605   80.4411
606   125.116
607   80.4411
608   80.4411
609   292.332
610   80.4411
611   80.4411
612   80.4411
613   80.3548
614   80.3548
615   80.1386
616   80.1386
617   80.1386
618   80.1386
619   80.1386
620   80.1386
621   80.1386
622   80.1386
623   80.1386
624   80.1386
625   80.1386
626   80.1386
627   80.1386
628   80.1386
629   80.1386
630   74.5773
631   74.5773
632   74.5773
633   74.5773
634   74.5773
635   74.5773
636   74.5773
637   74.5773
638   74.5773
639   74.5773
640   73.8871
641   73.8871
642   73.8871
643   73.8871
644   73.8871
645   73.8871
646   73.8871
647   73.8871
648   73.8871
649   73.8871
650   73.8871
651   73.8871
652   73.8871
653   73.8871
654   73.8871
655   73.8871
656   73.8871
657   73.8871
658   73.8871
659   73.8871
660   73.8871
661   73.8871
662   73.6905
663   73.6905
664   73.6905
665   73.6905
666   73.6905
667   76.5647
668   73.6905
669   73.6905
670   73.6905
671   73.6905
672   73.6905
673   73.6905
674   73.6905
675   73.6905
676   73.6905
677   73.6905
678   73.6905
679   73.6905
680   73.6905
681   73.6905
682   73.6905
683   73.6905
684   73.6905
685   73.6905
686   73.6905
687   72.7996
688   73.6905
689   73.6905
690   72.6232
691   72.6232
692   72.6232
693   72.6232
694   72.6232
695   72.6232
696   72.6232
697   72.6232
698   72.6232
699   72.6232
700   72.6232
701   72.6232
702   72.6232
703   72.6232
704   72.6232
705   72.6232
706   72.6232
707   72.6232
708   72.6232
709   72.6232
710   71.8552
711   71.8552
712   71.8552
713   126.04
714   71.2559
715   71.2559
716   71.2559
717   71.2559
718   71.2559
719   70.0087
720   69.6293
721   69.6293
722   69.6293
723   70.0087
724   69.6293
725   68.9371
726   68.9371
727   68.9371
728   68.9371
729   68.4343
730   67.8912
731   218.915
732   66.8638
733   66.8638
734   66.8638
735   66.7016
736   66.7016
737   66.0986
738   66.0986
739   66.0986
740   65.9513
741   254.101
742   65.9412
743   65.9412
744   65.7939
745   65.7939
746   65.7939
747   65.7939
748   65.7939
749   65.7939
750   65.7776
751   65.7776
752   65.7776
753   65.7776
754   65.7776
755   65.7776
756   65.7776
757   65.7776
758   65.7776
759   65.7776
760   65.7776
761   65.7776
762   65.7776
763   65.7776
764   65.7776
765   65.7776
766   65.7776
767   65.7776
768   65.7776
769   65.7776
770   132.815
771   65.7776
772   65.7776
773   65.7776
774   65.7776
775   65.7776
776   65.381
777   65.381
778   65.381
779   65.381
780   65.381
781   65.381
782   65.381
783   65.381
784   65.381
785   65.381
786   65.381
787   65.381
788   65.381
789   65.381
790   65.381
791   65.381
792   65.381
793   65.381
794   65.381
795   65.381
796   65.381
797   66.9216
798   70.1846
799   65.381
800   65.381
801   65.381
802   65.381
803   65.381
804   65.381
805   65.381
806   238.325
807   64.6089
808   64.6089
809   64.6089
810   64.6089
811   64.6089
812   64.6089
813   64.6089
814   65.2946
815   64.6089
816   64.6089
817   64.6089
818   64.6089
819   64.6089
820   64.6089
821   64.6089
822   64.6089
823   64.6089
824   64.6089
825   64.6089
826   64.6089
827   64.6089
828   64.6089
829   64.6089
830   64.6089
831   64.6089
832   64.6089
833   64.6089
834   64.6089
835   64.6089
836   64.6089
837   64.6089
838   64.6089
839   64.6089
840   64.6089
841   64.6089
842   64.6089
843   64.6089
844   64.6089
845   64.6089
846   64.6089
847   64.6089
848   64.6089
849   64.6089
850   64.6089
851   64.6089
852   64.6089
853   64.6089
854   64.6089
855   64.6089
856   64.6089
857   64.6089
858   64.6089
859   64.6089
860   64.6089
861   64.6089
862   64.6089
863   64.6089
864   64.6089
865   64.6089
866   64.6089
867   64.6089
868   64.6089
869   64.6089
870   64.6089
871   64.6089
872   64.6089
873   64.6089
874   64.6089
875   64.6089
876   64.6089
877   64.6089
878   64.6089
879   64.6089
880   64.6089
881   64.6089
882   64.6089
883   64.6089
884   64.6089
885   64.6089
886   64.6089
887   64.6089
888   64.6089
889   64.6089
890   64.6089
891   64.5771
892   64.5771
893   64.5771
894   64.5771
895   64.5771
896   64.5771
897   64.5771
898   64.5771
899   64.5771
900   64.5771
901   64.5771
902   64.5771
903   65.4808
904   64.5771
905   64.5771
906   64.5771
907   64.5771
908   64.5771
909   64.5771
910   64.5771
911   64.5771
912   64.5771
913   78.1862
914   64.7534
915   64.5771
916   64.5771
917   64.5771
918   64.5771
919   64.5771
920   64.5771
921   64.5771
922   64.5771
923   64.5771
924   64.5771
925   64.5771
926   64.5771
927   64.5771
928   176.079
929   64.5771
930   64.5771
931   64.5771
932   64.5771
933   64.5771
934   64.5771
935   64.5771
936   64.5771
937   64.5771
938   64.5771
939   64.5771
940   64.5771
941   64.5771
942   64.5771
943   64.5771
944   64.5771
945   64.5771
946   64.5771
947   64.5771
948   64.5771
949   64.5771
950   64.5771
951   64.5771
952   64.5771
953   64.5771
954   64.5771
955   64.5771
956   64.5771
957   64.5771
958   64.5771
959   64.5771
960   64.5771
961   64.5771
962   64.5771
963   64.5771
964   64.5771
965   64.5771
966   64.5771
967   64.5771
968   64.5771
969   64.5771
970   64.5771
971   64.5771
972   64.5771
973   64.5771
974   64.5771
975   64.5771
976   64.5771
977   64.5771
978   64.5771
979   64.5771
980   64.5771
981   64.5771
982   64.5771
983   64.5771
984   64.5771
985   64.5771
986   64.5771
987   64.4071
988   64.1271
989   64.1271
990   64.1271
991   64.1271
992   64.1271
993   64.1271
994   64.1271
995   64.1271
996   63.7416
997   63.7416
998   63.7416
999   63.7416
1000   63.7416
