1   2970.64
2   2317.89
3   2374.3
4   2377.67
5   2098.27
6   2095.08
7   2078.47
8   1810.21
9   1785.6
10   1761.56
11   1731.43
12   1639.37
13   1639.37
14   1582.31
15   1581.58
16   1528.38
17   1538.01
18   1528.38
19   1389.63
20   1389.63
21   1463.62
22   1338.34
23   1287.9
24   1338.34
25   1264.23
26   1212.31
27   1239.71
28   1198.96
29   1113.07
30   1186.6
31   1076.35
32   1076.35
33   1047.88
34   1028.37
35   1026.41
36   1028.37
37   1020.21
38   980.692
39   960.682
40   960.682
41   950.235
42   919.124
43   919.124
44   913.966
45   904.102
46   904.102
47   897.769
48   883.611
49   889.944
50   870.659
51   870.659
52   855.639
53   815.945
54   825.334
55   807.715
56   834.631
57   744.152
58   744.152
59   719.951
60   765.392
61   719.951
62   719.951
63   715.264
64   731.468
65   728.446
66   674.63
67   674.155
68   662.754
69   667.803
70   653.198
71   662.396
72   646.486
73   646.486
74   619.987
75   613.354
76   613.354
77   643.164
78   603.691
79   600.143
80   600.851
81   582.133
82   585.703
83   578.476
84   608.384
85   576.15
86   564.007
87   567.577
88   548.371
89   541.163
90   508.923
91   510.837
92   567.332
93   494.112
94   494.112
95   475.054
96   481.232
97   620.102
98   473.14
99   460.055
100   459.688
101   458.291
102   455.762
103   529.283
104   441.49
105   441.49
106   455.762
107   430.576
108   430.576
109   423.123
110   416.835
111   430.128
112   416.835
113   413.266
114   416.028
115   413.266
116   413.266
117   401.653
118   572.243
119   397.861
120   400.363
121   394.354
122   397.861
123   397.861
124   389.041
125   376.06
126   382.685
127   373.43
128   380.055
129   366.506
130   366.506
131   366.506
132   365.102
133   432.782
134   359.699
135   361.875
136   349.417
137   345.429
138   343.337
139   339.986
140   462.264
141   329.245
142   329.245
143   325.561
144   325.561
145   325.561
146   318.951
147   356.827
148   319.993
149   315.27
150   317.2
151   313.059
152   312.967
153   312.967
154   311.007
155   311.007
156   305.397
157   311.007
158   304.593
159   299.966
160   299.966
161   296.803
162   296.803
163   293.2
164   304.593
165   281.284
166   277.123
167   276.749
168   277.123
169   276.749
170   274.058
171   451.344
172   271.958
173   271.958
174   271.821
175   269.844
176   269.727
177   269.844
178   268.01
179   266.58
180   254.508
181   258.709
182   393.191
183   254.508
184   254.508
185   251.868
186   370.923
187   251.868
188   247.077
189   249.6
190   246.224
191   245.357
192   243.676
193   243.676
194   241.406
195   282.725
196   241.406
197   241.406
198   233.017
199   229.008
200   229.008
201   228.452
202   228.452
203   229.008
204   228.334
205   223.627
206   228.334
207   228.334
208   218.787
209   222.692
210   218.787
211   218.787
212   218.786
213   213.194
214   213.194
215   216.237
216   213.194
217   213.194
218   205.657
219   203.612
220   198.291
221   198.291
222   210.908
223   194.846
224   194.846
225   194.846
226   192.922
227   190.695
228   190.695
229   189.468
230   189.468
231   189.468
232   188.471
233   186.378
234   188.471
235   185.645
236   242.499
237   181.105
238   181.105
239   179.66
240   177.127
241   181.105
242   177.127
243   172.721
244   170.778
245   191.121
246   165.793
247   165.793
248   164.117
249   164.399
250   163.325
251   163.738
252   163.325
253   163.325
254   162.977
255   163.131
256   162.047
257   161.324
258   214.809
259   161.324
260   161.209
261   160.433
262   160.239
263   160.433
264   159.759
265   154.954
266   154.954
267   154.756
268   154.756
269   153.665
270   152.656
271   152.656
272   151.143
273   150.332
274   150.134
275   150.134
276   148.825
277   147.131
278   147.131
279   147.131
280   147.131
281   145.458
282   146.722
283   145.446
284   144.591
285   144.393
286   224.575
287   141.015
288   140.817
289   140.817
290   139.45
291   139.45
292   138.562
293   138.562
294   138.455
295   139.45
296   138.455
297   137.56
298   134.646
299   268.565
300   134.646
301   134.646
302   133.56
303   133.56
304   132.754
305   132.647
306   132.647
307   132.647
308   132.754
309   149.654
310   132.647
311   130.013
312   130.013
313   128.732
314   128.732
315   128.333
316   130.013
317   127.157
318   126.414
319   126.414
320   126.414
321   126.015
322   189.069
323   126.015
324   126.015
325   118.347
326   118.347
327   118.347
328   117.393
329   116.449
330   116.489
331   116.449
332   116.255
333   115.621
334   114.911
335   115.815
336   114.911
337   112.016
338   112.016
339   112.016
340   110.924
341   109.41
342   109.41
343   109.41
344   109.41
345   108.032
346   106.695
347   108.032
348   106.695
349   106.695
350   106.695
351   105.938
352   179.927
353   105.938
354   105.744
355   105.744
356   105.744
357   105.744
358   111.702
359   105.938
360   103.554
361   105.713
362   103.554
363   103.554
364   270.359
365   101.593
366   103.554
367   101.456
368   101.456
369   101.456
370   101.456
371   101.268
372   101.456
373   101.268
374   101.268
375   100.085
376   100.085
377   100.085
378   100.085
379   248.094
380   100.085
381   100.085
382   100.085
383   100.085
384   99.6234
385   99.6234
386   98.5923
387   99.6234
388   98.2372
389   98.2372
390   98.2372
391   98.2372
392   98.2372
393   98.2372
394   96.7436
395   96.7436
396   96.7436
397   96.7436
398   95.8799
399   96.7436
400   95.8799
401   95.8799
402   95.8799
403   95.8799
404   95.8799
405   95.8799
406   95.8799
407   156.775
408   95.8799
409   94.8489
410   94.8489
411   94.8286
412   94.8489
413   94.2795
414   130.136
415   94.2795
416   92.2729
417   92.2729
418   92.2729
419   162.127
420   91.9834
421   91.6961
422   91.6961
423   91.1927
424   91.1927
425   91.1927
426   90.9054
427   90.2913
428   90.2913
429   90.2913
430   90.2913
431   90.2913
432   89.7335
433   89.7335
434   89.7335
435   89.7335
436   89.7335
437   89.7335
438   89.7335
439   89.7335
440   89.7132
441   89.7132
442   89.5167
443   89.7132
444   89.5167
445   89.5167
446   89.5167
447   89.5167
448   89.5167
449   110.949
450   89.5167
451   89.5167
452   89.5167
453   89.5167
454   89.5167
455   89.5167
456   396.493
457   88.9722
458   87.9414
459   88.8294
460   87.9414
461   87.9414
462   87.9414
463   87.9414
464   87.7803
465   87.2084
466   87.7803
467   87.7803
468   91.3514
469   87.2084
470   86.6472
471   85.9871
472   86.6472
473   85.9871
474   85.9871
475   85.9871
476   85.9871
477   85.9871
478   85.9871
479   85.9871
480   85.9871
481   85.9871
482   85.9871
483   85.9871
484   85.9871
485   85.9871
486   85.9871
487   85.9871
488   85.9871
489   85.9871
490   85.9871
491   85.9871
492   85.9871
493   85.9871
494   85.9871
495   85.9871
496   85.9871
497   85.9871
498   85.9871
499   85.9871
500   85.9871
501   85.9871
502   85.9871
503   85.7385
504   85.9871
505   85.7385
506   85.7385
507   85.7233
508   85.7385
509   85.7233
510   85.189
511   85.189
512   85.189
513   85.189
514   85.189
515   85.189
516   85.189
517   85.189
518   85.189
519   85.189
520   85.189
521   83.5732
522   83.5732
523   83.5732
524   83.5732
525   83.5732
526   82.9943
527   83.5732
528   82.7682
529   82.7682
530   82.7682
531   82.7682
532   82.7682
533   82.7682
534   82.7682
535   82.7682
536   82.7682
537   82.7682
538   82.7682
539   114.299
540   82.225
541   82.7682
542   82.765
543   82.225
544   82.225
545   82.225
546   82.225
547   82.225
548   82.225
549   82.225
550   82.225
551   82.225
552   82.225
553   82.225
554   81.4635
555   81.4635
556   81.4635
557   81.3687
558   81.3687
559   81.3687
560   81.3687
561   81.3687
562   81.3687
563   81.3687
564   81.3687
565   81.3687
566   81.3687
567   81.3687
568   81.3687
569   81.3687
570   81.3687
571   81.3687
572   81.3687
573   81.3687
574   81.3687
575   81.3687
576   81.3687
577   81.3687
578   81.3687
579   81.3687
580   81.3687
581   81.3687
582   81.3687
583   81.3687
584   81.3687
585   81.3687
586   81.3687
587   81.3687
588   81.3687
589   79.5601
590   79.5601
591   81.3687
592   81.3687
593   79.5601
594   79.5601
595   79.5601
596   79.5601
597   79.5601
598   79.5601
599   79.5601
600   79.5601
601   79.5601
602   79.4463
603   79.4463
604   79.4463
605   79.4463
606   79.4463
607   79.4463
608   79.4463
609   79.4463
610   79.4463
611   79.4463
612   78.8409
613   78.8409
614   78.8409
615   78.8409
616   78.8409
617   78.8409
618   78.8409
619   78.8409
620   78.8409
621   78.8409
622   78.4389
623   78.4389
624   78.4389
625   78.4389
626   78.4389
627   78.4389
628   78.4389
629   78.4389
630   78.2807
631   78.4389
632   77.6033
633   78.2807
634   77.6033
635   77.6033
636   77.6033
637   77.6033
638   77.6033
639   77.6033
640   77.6033
641   77.6033
642   77.6033
643   77.6033
644   77.6033
645   77.6033
646   77.6033
647   77.6033
648   76.9317
649   76.9317
650   76.9317
651   76.9317
652   76.9317
653   76.9317
654   76.9317
655   76.9317
656   76.9317
657   76.9317
658   76.9317
659   76.9317
660   76.8959
661   76.8959
662   76.8959
663   76.8959
664   76.8959
665   76.8959
666   76.8959
667   76.8959
668   76.8959
669   76.8959
670   75.6666
671   75.6666
672   75.6666
673   75.6666
674   75.6666
675   75.6666
676   77.1553
677   75.6666
678   75.6666
679   256.427
680   76.1114
681   270.217
682   75.6666
683   75.6666
684   75.6666
685   75.6666
686   75.6666
687   75.6666
688   75.6666
689   136.827
690   75.6666
691   75.6666
692   75.6666
693   75.6666
694   75.6666
695   75.6666
696   75.6666
697   75.6666
698   114.634
699   75.3395
700   75.3395
701   75.3395
702   75.3395
703   109.238
704   75.3395
705   75.3395
706   75.3395
707   75.3395
708   75.3395
709   75.3395
710   75.3395
711   75.3395
712   75.3395
713   75.3395
714   75.3395
715   75.3395
716   75.3395
717   75.1986
718   75.1986
719   170.429
720   72.0557
721   72.0557
722   72.0557
723   72.0557
724   72.0557
725   72.0557
726   72.0557
727   72.0557
728   116.325
729   72.0557
730   72.0557
731   72.0557
732   72.0557
733   72.0557
734   71.921
735   71.921
736   71.921
737   104.936
738   71.921
739   71.5243
740   71.5243
741   71.5243
742   71.2366
743   71.2366
744   71.2366
745   71.2366
746   71.2366
747   71.2366
748   71.2366
749   71.2366
750   70.9124
751   71.2366
752   70.9124
753   70.3044
754   70.3044
755   70.3044
756   70.3044
757   70.3044
758   70.3044
759   70.3044
760   70.3044
761   70.3044
762   70.3044
763   70.3044
764   70.3044
765   70.3044
766   71.7128
767   70.2896
768   70.2896
769   70.2896
770   70.2896
771   70.2896
772   70.2896
773   69.7087
774   69.7087
775   69.7087
776   69.7087
777   69.7087
778   69.7087
779   69.7087
780   69.7087
781   69.7087
782   69.7087
783   69.7087
784   69.7087
785   69.7087
786   69.7087
787   69.7087
788   69.7087
789   69.7087
790   69.7087
791   69.7087
792   69.7087
793   69.7087
794   69.7087
795   69.7087
796   69.7087
797   69.7087
798   69.7087
799   69.7087
800   69.7087
801   69.7087
802   69.7087
803   69.7087
804   69.7087
805   69.7087
806   69.7087
807   69.7087
808   69.7087
809   69.7087
810   69.7087
811   69.7087
812   69.7087
813   69.7087
814   69.7087
815   69.7087
816   322.218
817   69.7087
818   69.7087
819   197.004
820   69.7087
821   69.7087
822   69.7087
823   69.7087
824   67.3007
825   67.3007
826   69.7087
827   67.3007
828   67.3007
829   67.3007
830   67.3007
831   67.3007
832   67.3007
833   67.3007
834   67.3007
835   67.3007
836   67.3007
837   67.3007
838   67.3007
839   67.3007
840   67.3007
841   67.3007
842   131.483
843   67.3007
844   67.3007
845   67.3007
846   67.3007
847   67.3007
848   67.3007
849   67.3007
850   67.3007
851   67.3007
852   67.3007
853   67.3007
854   67.3007
855   67.3007
856   67.3007
857   67.3007
858   67.1869
859   67.1869
860   67.3007
861   67.1869
862   67.1869
863   67.1869
864   66.7571
865   66.7571
866   66.7571
867   66.7571
868   66.7571
869   66.7571
870   66.7571
871   66.7571
872   66.7571
873   66.7571
874   66.7571
875   66.7571
876   66.7571
877   66.7571
878   66.7571
879   66.7571
880   66.7571
881   66.7571
882   66.7571
883   66.7571
884   69.897
885   66.7571
886   66.7571
887   66.7571
888   66.7571
889   66.7571
890   80.5817
891   66.7571
892   66.7571
893   66.7571
894   66.7571
895   66.7571
896   66.7571
897   66.7571
898   66.7571
899   66.7571
900   66.7571
901   66.7571
902   66.7571
903   66.7571
904   66.7571
905   66.7571
906   66.7571
907   66.7571
908   66.7571
909   66.7571
910   66.7571
911   66.7571
912   66.7571
913   67.6597
914   66.7571
915   66.7571
916   99.4601
917   66.7571
918   66.7571
919   66.7571
920   66.7571
921   66.7571
922   66.7571
923   66.7571
924   66.7571
925   66.7571
926   66.7571
927   66.7571
928   66.7571
929   66.7571
930   126.085
931   66.7571
932   66.7571
933   67.5105
934   66.7571
935   66.7571
936   66.7571
937   66.7571
938   66.7571
939   66.7571
940   66.7571
941   66.7571
942   66.7571
943   66.7571
944   66.7571
945   66.7571
946   66.7571
947   66.7571
948   66.7571
949   66.7571
950   66.7571
951   66.7571
952   66.7571
953   66.7571
954   66.7571
955   66.7571
956   66.7571
957   66.7571
958   66.7571
959   66.7571
960   66.7571
961   66.7571
962   66.7571
963   66.7571
964   66.7571
965   66.7571
966   66.7571
967   66.7571
968   66.7571
969   66.7571
970   66.7571
971   66.7571
972   66.7571
973   66.7571
974   66.7571
975   168.236
976   66.7571
977   66.7571
978   66.7571
979   66.7571
980   66.7571
981   66.7571
982   66.7571
983   66.7571
984   66.7571
985   66.7571
986   66.7571
987   66.7571
988   66.7571
989   66.7571
990   66.7571
991   66.7571
992   69.5481
993   66.7571
994   66.7571
995   66.7571
996   66.7571
997   66.7571
998   66.7571
999   66.7571
1000   66.7571
