BETA:        ENERGY:       ERROR:      ACCEPTANCY:
 2     0.110127     0.0573261       0.55
 1.98     1.46638     0.217809       0.58
 1.9602     -0.0859664     0.173642       0.45
 1.9406     -0.0915036     0.0303208       0.49
 1.92119     0.280465     0.10433       0.56
 1.90198     -0.239141     0.023299       0.42
 1.88296     0.405362     0.0263816       0.53
 1.86413     -0.288329     0.0174582       0.57
 1.84549     -0.287463     0.0141876       0.55
 1.82703     -0.0143768     0.0601214       0.46
 1.80876     2.02516     0.142934       0.44
 1.79068     0.17564     0.0755172       0.49
 1.77277     0.0145261     0.0199247       0.58
 1.75504     -0.426916     0.0137854       0.45
 1.73749     0.0967013     0.0207132       0.56
 1.72012     -0.185692     0.0171928       0.61
 1.70292     3.23757     0.239199       0.47
 1.68589     -0.417376     0.0376109       0.49
 1.66903     -0.100085     0.0241094       0.51
 1.65234     0.319248     0.0731291       0.51
 1.63581     -0.0164746     0.0186151       0.58
 1.61946     -0.363578     0.0130928       0.52
 1.60326     0.0923779     0.0285883       0.56
 1.58723     -0.448771     0.00835553       0.52
 1.57136     0.459413     0.0200696       0.55
 1.55564     4.01207     0.317032       0.47
 1.54009     -0.360259     0.0182357       0.51
 1.52469     0.68307     0.107904       0.49
 1.50944     0.412512     0.23622       0.55
 1.49434     -0.242116     0.148668       0.48
 1.4794     -0.354659     0.0197176       0.45
 1.46461     2.11021     0.0444114       0.53
 1.44996     0.143045     0.0309424       0.55
 1.43546     -0.124044     0.0255667       0.42
 1.42111     2.42495     0.0122086       0.57
 1.4069     -0.159054     0.0261512       0.63
 1.39283     -0.425333     0.0276989       0.61
 1.3789     0.013917     0.0911448       0.42
 1.36511     -0.31045     0.0608986       0.47
 1.35146     -0.224468     0.0157187       0.56
 1.33794     -0.174638     0.0431329       0.51
 1.32456     2.19249     0.0965179       0.48
 1.31132     -0.130523     0.0103832       0.5
 1.29821     -0.138519     0.0439927       0.47
 1.28522     0.19314     0.0365894       0.53
 1.27237     0.401303     0.132993       0.53
 1.25965     -0.205356     0.0421974       0.55
 1.24705     -0.117887     0.0131421       0.47
 1.23458     -0.22988     0.0233545       0.44
 1.22223     1.97608     0.112112       0.56
 1.21001     0.0141928     0.0190814       0.56
 1.19791     -0.0146938     0.0413302       0.56
 1.18593     -0.110578     0.0609179       0.53
 1.17407     0.274101     0.0908447       0.53
 1.16233     -0.320684     0.0140527       0.55
 1.15071     -0.19091     0.0313065       0.5
 1.1392     0.232218     0.0741322       0.6
 1.12781     -0.352532     0.0104901       0.53
 1.11653     -0.200615     0.0337976       0.5
 1.10537     0.156871     0.0212001       0.41
 1.09431     -0.023339     0.0168006       0.58
 1.08337     -0.0813568     0.0138468       0.51
 1.07254     -0.241955     0.0147621       0.53
 1.06181     -0.2442     0.0439548       0.5
 1.05119     -0.199031     0.00852125       0.51
 1.04068     3.10991     0.215818       0.52
 1.03027     1.42934     0.194276       0.5
 1.01997     -0.212417     0.0309529       0.47
 1.00977     0.559827     0.0193756       0.54
 0.999674     0.484793     0.0837389       0.57
 0.989677     0.293929     0.124735       0.5
 0.979781     -0.255495     0.0123255       0.6
 0.969983     -0.211253     0.0224491       0.47
 0.960283     0.309416     0.0720519       0.55
 0.95068     -0.445139     0.073165       0.51
 0.941173     -0.328296     0.0148706       0.45
 0.931762     -0.0681136     0.0653984       0.48
 0.922444     -0.220761     0.0199119       0.48
 0.913219     0.108677     0.0233601       0.33
 0.904087     -0.194473     0.203637       0.53
 0.895046     -0.0600324     0.0201614       0.54
 0.886096     -0.127909     0.0367751       0.54
 0.877235     -0.0185631     0.0183081       0.54
 0.868463     -0.35969     0.00895427       0.56
 0.859778     -0.355012     0.0197066       0.46
 0.85118     0.278856     0.16206       0.53
 0.842668     -0.412069     0.0308341       0.44
 0.834242     0.403107     0.0150072       0.59
 0.825899     -0.322666     0.0287783       0.51
 0.81764     -0.270261     0.0453845       0.6
 0.809464     -0.389567     0.0246642       0.46
 0.801369     -0.373114     0.205561       0.55
 0.793356     -0.220758     0.0163225       0.46
 0.785422     -0.16443     0.0101488       0.48
 0.777568     -0.154823     0.233256       0.49
 0.769792     -0.159089     0.0176211       0.52
 0.762094     0.605779     0.0310093       0.45
 0.754473     -0.356796     0.0302516       0.55
 0.746929     -0.363974     0.015155       0.55
 0.739459     -0.209083     0.0375108       0.53
 0.732065     0.0236047     0.0563539       0.55
 0.724744     -0.0429042     0.0317188       0.56
 0.717497     -0.0220241     0.0378057       0.52
 0.710322     -0.322451     0.00961445       0.61
 0.703218     -0.257664     0.0162133       0.58
 0.696186     -0.0351684     0.047703       0.5
 0.689224     -0.224287     0.0130412       0.58
 0.682332     -0.178343     0.0215013       0.57
 0.675509     0.219165     0.0181774       0.43
 0.668754     -0.0743589     0.0575763       0.55
 0.662066     -0.399995     0.0173853       0.58
 0.655446     -0.0406402     0.0225043       0.53
 0.648891     -0.243528     0.0337878       0.42
 0.642402     0.239946     0.0281715       0.46
 0.635978     -0.159167     0.0427758       0.54
 0.629618     -0.199971     0.0540819       0.5
 0.623322     -0.187945     0.0325469       0.46
 0.617089     -0.223934     0.041381       0.5
 0.610918     0.0953457     0.0812253       0.52
 0.604809     -0.252001     0.0227847       0.48
 0.598761     -0.242856     0.125541       0.5
 0.592773     0.511976     0.0581832       0.58
 0.586845     0.169047     0.040002       0.56
 0.580977     -0.0518535     0.0367306       0.57
 0.575167     -0.291785     0.0171284       0.48
 0.569416     -0.26828     0.0360123       0.5
 0.563721     -7.22349e-05     0.060837       0.58
 0.558084     0.309612     0.0131653       0.49
 0.552503     -0.437751     0.00864822       0.5
 0.546978     -0.395518     0.0188484       0.42
 0.541509     -0.0675574     0.0150622       0.48
 0.536093     -0.191082     0.0323705       0.55
 0.530732     -0.339076     0.0194033       0.53
 0.525425     -0.172229     0.0301977       0.54
 0.520171     -0.259442     0.0192499       0.44
 0.514969     -0.247512     0.0146523       0.46
 0.50982     -0.228208     0.0472649       0.55
 0.504721     -0.235723     0.0268496       0.57
 0.499674     0.290853     0.110512       0.52
 0.494677     -0.0398805     0.0179017       0.45
 0.489731     -0.347757     0.00914947       0.55
 0.484833     -0.409669     0.0123392       0.42
 0.479985     -0.115827     0.0232939       0.42
 0.475185     -0.152524     0.0291227       0.5
 0.470433     -0.211817     0.0117896       0.46
 0.465729     0.089301     0.103125       0.47
 0.461072     -0.351244     0.0618426       0.55
 0.456461     -0.244479     0.0439175       0.5
 0.451896     -0.244034     0.0135113       0.55
 0.447377     0.171208     0.0556102       0.51
 0.442904     -0.286725     0.0198897       0.55
 0.438475     1.45133     0.0755618       0.39
 0.43409     -0.169786     0.012779       0.55
 0.429749     0.0622122     0.0106429       0.51
 0.425451     0.595608     0.0368725       0.55
 0.421197     -0.174405     0.00756728       0.46
 0.416985     -0.425858     0.010722       0.49
 0.412815     -0.178863     0.0336014       0.56
 0.408687     -0.288557     0.015836       0.5
 0.4046     -0.303346     0.0136146       0.52
 0.400554     -0.446021     0.00914131       0.58
 0.396549     -0.109659     0.0173816       0.54
 0.392583     -0.368298     0.0085369       0.51
 0.388657     0.402108     0.10066       0.53
 0.384771     -0.215413     0.0794999       0.57
 0.380923     0.0191348     0.021139       0.55
 0.377114     -0.249823     0.0189077       0.55
 0.373343     -0.184496     0.0363863       0.55
 0.369609     0.247956     0.104777       0.52
 0.365913     0.320032     0.0841449       0.53
 0.362254     -0.184941     0.02418       0.49
 0.358631     -0.274483     0.0149268       0.53
 0.355045     -0.256046     0.0642261       0.48
 0.351495     -0.14127     0.0172368       0.53
 0.34798     0.408698     0.0780145       0.61
 0.3445     0.250993     0.028179       0.49
 0.341055     1.24785     0.0612674       0.5
 0.337644     -0.176204     0.0105327       0.57
 0.334268     -0.217031     0.0312077       0.46
 0.330925     -0.310653     0.0345729       0.51
 0.327616     -0.406807     0.0116056       0.55
 0.32434     -0.342088     0.0134682       0.58
 0.321096     -0.211131     0.043686       0.44
 0.317885     0.322088     0.0726868       0.57
 0.314707     0.0384355     0.0283038       0.55
 0.311559     -0.229751     0.0171594       0.55
 0.308444     -0.315283     0.0171365       0.56
 0.305359     -0.244897     0.0340619       0.45
 0.302306     0.650721     0.0782574       0.55
 0.299283     -0.154518     0.0163198       0.56
 0.29629     -0.219553     0.014744       0.54
 0.293327     -0.146617     0.0491246       0.42
 0.290394     -0.243456     0.0172504       0.43
 0.28749     0.00610072     0.036318       0.49
 0.284615     -0.260703     0.0137839       0.45
 0.281769     -0.247182     0.0193069       0.52
 0.278951     -0.264794     0.0191164       0.55
 0.276162     -0.238633     0.0146176       0.52
 0.2734     -0.338511     0.0489169       0.56
 0.270666     -0.147937     0.0590954       0.52
 0.267959     -0.379636     0.0114037       0.47
 0.26528     -0.253873     0.0449227       0.52
 0.262627     -0.16757     0.015189       0.49
 0.260001     -0.30412     0.0214167       0.46
 0.257401     -0.299331     0.0134254       0.56
 0.254827     -0.148004     0.0298946       0.55
 0.252278     0.481008     0.106205       0.48
 0.249756     -0.101651     0.01417       0.55
 0.247258     -0.259845     0.0152911       0.45
 0.244785     -0.116123     0.0287591       0.57
 0.242338     0.033101     0.0169767       0.6
 0.239914     -0.283662     0.0240881       0.43
 0.237515     -0.240177     0.0421719       0.54
 0.23514     -0.110486     0.0250002       0.5
 0.232789     -0.401853     0.0096384       0.48
 0.230461     -0.311909     0.0176259       0.52
 0.228156     -0.289986     0.0391622       0.51
 0.225875     -0.247557     0.0205377       0.56
 0.223616     -0.262367     0.021113       0.49
 0.22138     0.45405     0.0604428       0.43
 0.219166     0.208444     0.0176555       0.57
 0.216974     -0.311096     0.0167144       0.56
 0.214804     0.336529     0.0336853       0.51
 0.212656     -0.174295     0.00978753       0.46
 0.21053     0.196497     0.0823146       0.46
 0.208425     -0.0321468     0.0218484       0.49
 0.20634     -0.149476     0.0140802       0.51
 0.204277     -0.199227     0.0168787       0.43
 0.202234     -0.128856     0.0381464       0.49
 0.200212     -0.210823     0.0358804       0.5
 0.19821     0.231569     0.100782       0.44
 0.196228     -0.189833     0.0334933       0.49
 0.194265     -0.194188     0.0154486       0.44
 0.192323     -0.358197     0.0151131       0.47
 0.190399     -0.399559     0.0124482       0.52
 0.188495     -0.0466705     0.0133029       0.56
 0.18661     -0.217303     0.0276848       0.52
 0.184744     0.336925     0.0907645       0.52
 0.182897     -0.0639248     0.051686       0.48
 0.181068     -0.0715171     0.0148857       0.56
 0.179257     -0.127846     0.0355382       0.57
 0.177465     -0.00201783     0.0262095       0.59
 0.17569     -0.0375318     0.0160465       0.55
 0.173933     -0.195627     0.0178385       0.49
 0.172194     -0.183349     0.0158271       0.6
 0.170472     -0.176351     0.0173465       0.59
 0.168767     -0.185336     0.0152694       0.62
 0.167079     -0.090663     0.015597       0.53
 0.165409     -0.448355     0.0164926       0.54
 0.163755     -0.421597     0.0096149       0.5
 0.162117     -0.390096     0.013275       0.42
 0.160496     -0.268193     0.0238961       0.56
 0.158891     -0.288486     0.0273581       0.55
 0.157302     -0.424482     0.0111647       0.51
 0.155729     -0.39558     0.0150553       0.41
 0.154172     -0.212734     0.0191667       0.51
 0.15263     -0.36709     0.0204346       0.52
 0.151104     -0.248905     0.0175162       0.54
 0.149593     -0.227708     0.0350977       0.51
 0.148097     -0.156847     0.014804       0.55
 0.146616     -0.170041     0.0451223       0.51
 0.14515     -0.0900699     0.0148486       0.48
 0.143698     -0.181708     0.0436208       0.46
 0.142261     -0.00938159     0.0621777       0.59
 0.140838     -0.0510428     0.0815353       0.52
 0.13943     -0.262714     0.0125179       0.54
 0.138036     -0.308642     0.0145449       0.54
 0.136655     -0.390724     0.016403       0.5
 0.135289     -0.446755     0.00783658       0.5
 0.133936     -0.42604     0.0084685       0.53
 0.132597     -0.291977     0.0256468       0.45
 0.131271     -0.304571     0.0180485       0.48
 0.129958     -0.321798     0.0103682       0.54
 0.128658     -0.353545     0.00915793       0.43
 0.127372     -0.246538     0.0174202       0.49
 0.126098     -0.35923     0.0124115       0.52
 0.124837     -0.271554     0.0246979       0.51
 0.123589     -0.412111     0.00942843       0.61
 0.122353     -0.323337     0.0211695       0.46
 0.121129     -0.411686     0.0385206       0.51
 0.119918     -0.332122     0.0409231       0.47
 0.118719     -0.443503     0.00847075       0.56
 0.117532     -0.428006     0.012832       0.57
 0.116356     -0.399073     0.0233549       0.55
 0.115193     -0.380009     0.0158677       0.45
 0.114041     -0.361593     0.00955981       0.52
 0.1129     -0.137847     0.014514       0.45
 0.111771     -0.336735     0.0136803       0.51
 0.110654     -0.222623     0.0134205       0.56
 0.109547     -0.222058     0.0290281       0.45
 0.108452     -0.193645     0.0453019       0.51
 0.107367     -0.250084     0.0410152       0.54
 0.106294     -0.178756     0.0155188       0.52
 0.105231     -0.295529     0.0178885       0.44
 0.104178     -0.203016     0.0775699       0.48
 0.103137     -0.222506     0.0326072       0.42
 0.102105     -0.17669     0.0342926       0.41
 0.101084     -0.260543     0.0159259       0.52
 0.100073     -0.253766     0.0284992       0.51
 0.0990725     -0.169425     0.0143845       0.62
 0.0980818     -0.0904532     0.0135607       0.55
 0.097101     -0.224543     0.015727       0.45
 0.09613     -0.368192     0.0105451       0.49
 0.0951687     -0.217396     0.0350575       0.53
 0.094217     -0.226078     0.063513       0.63
 0.0932748     -0.221314     0.0152126       0.53
 0.0923421     -0.135017     0.016806       0.5
 0.0914186     0.246286     0.0924072       0.44
 0.0905044     -0.263725     0.014078       0.55
 0.0895994     -0.216163     0.0304884       0.51
 0.0887034     -0.063049     0.0324118       0.47
 0.0878164     -0.229349     0.0145431       0.53
 0.0869382     -0.205462     0.0438207       0.54
 0.0860688     -0.0431449     0.0569515       0.5
 0.0852081     -0.267828     0.0159462       0.47
 0.0843561     -0.272273     0.0173526       0.59
 0.0835125     -0.231884     0.0142674       0.59
 0.0826774     -0.252003     0.0155228       0.6
 0.0818506     -0.181939     0.0145734       0.48
 0.0810321     -0.264005     0.0208706       0.55
 0.0802218     -0.304621     0.0148901       0.49
 0.0794196     -0.427211     0.0109013       0.66
 0.0786254     -0.390365     0.0141454       0.41
 0.0778391     -0.413191     0.0127045       0.54
 0.0770607     -0.450796     0.0165919       0.57
 0.0762901     -0.370848     0.00867255       0.53
 0.0755272     -0.0554229     0.0183901       0.58
 0.0747719     -0.26628     0.027197       0.41
 0.0740242     -0.153459     0.0452107       0.49
 0.073284     -0.277607     0.0294239       0.5
 0.0725511     -0.45656     0.00910327       0.53
 0.0718256     -0.308079     0.0198788       0.57
 0.0711074     -0.355277     0.0109071       0.54
 0.0703963     -0.312702     0.0133885       0.5
 0.0696923     -0.39342     0.0185302       0.54
 0.0689954     -0.441273     0.00933395       0.51
 0.0683055     -0.366206     0.0128003       0.53
 0.0676224     0.00990107     0.0631769       0.57
 0.0669462     -0.190957     0.013124       0.5
 0.0662767     -0.338116     0.0184804       0.59
 0.0656139     -0.292651     0.0118534       0.51
 0.0649578     -0.358618     0.00877701       0.55
 0.0643082     -0.353213     0.0156583       0.52
 0.0636651     -0.302165     0.0221039       0.45
 0.0630285     -0.419892     0.0101075       0.53
 0.0623982     -0.410545     0.0141668       0.52
 0.0617742     -0.440047     0.00877153       0.43
 0.0611565     -0.338911     0.0117677       0.53
 0.0605449     -0.351592     0.0361751       0.44
 0.0599395     -0.354611     0.0096937       0.56
 0.0593401     -0.290276     0.0201417       0.49
 0.0587467     -0.359673     0.0092354       0.49
 0.0581592     -0.382781     0.00923526       0.52
 0.0575776     -0.429664     0.00797512       0.5
 0.0570018     -0.431378     0.00897664       0.41
 0.0564318     -0.436302     0.00989143       0.45
 0.0558675     -0.35733     0.0190592       0.45
 0.0553088     -0.329118     0.0131629       0.59
 0.0547557     -0.448004     0.00974174       0.5
 0.0542082     -0.413905     0.010611       0.49
 0.0536661     -0.41366     0.0190302       0.58
 0.0531294     -0.427171     0.00854778       0.56
 0.0525981     -0.380844     0.0192112       0.56
 0.0520722     -0.401792     0.0153066       0.57
 0.0515514     -0.383358     0.0160698       0.44
 0.0510359     -0.411429     0.0123511       0.44
 0.0505256     -0.391546     0.0154192       0.54
 0.0500203     -0.405154     0.0127119       0.48
 0.0495201     -0.432966     0.0220401       0.45
 0.0490249     -0.415505     0.0125035       0.54
 0.0485347     -0.388387     0.0168141       0.54
 0.0480493     -0.440352     0.00940862       0.54
 0.0475688     -0.429348     0.0138767       0.51
 0.0470931     -0.407929     0.0155236       0.51
 0.0466222     -0.447331     0.00878013       0.51
 0.046156     -0.420565     0.0123418       0.51
 0.0456944     -0.382717     0.00937626       0.51
 0.0452375     -0.429805     0.0163078       0.49
 0.0447851     -0.448118     0.0083334       0.58
 0.0443372     -0.427347     0.00895461       0.51
 0.0438939     -0.417183     0.0121968       0.55
 0.0434549     -0.387079     0.0154222       0.56
 0.0430204     -0.390313     0.0129809       0.48
 0.0425902     -0.430551     0.00939061       0.59
 0.0421643     -0.399713     0.0113414       0.43
 0.0417426     -0.417533     0.0112732       0.51
 0.0413252     -0.431398     0.0107636       0.57
 0.040912     -0.456496     0.0108911       0.52
 0.0405028     -0.441178     0.0122028       0.54
 0.0400978     -0.441397     0.00909556       0.57
 0.0396968     -0.416973     0.0102324       0.52
 0.0392999     -0.43903     0.0093463       0.44
 0.0389069     -0.43446     0.0091577       0.61
 0.0385178     -0.354908     0.0163145       0.44
 0.0381326     -0.439783     0.00843348       0.49
 0.0377513     -0.426735     0.00765661       0.56
 0.0373738     -0.385002     0.0162594       0.64
 0.037     -0.42239     0.00878095       0.51
 0.03663     -0.352527     0.0115855       0.5
 0.0362637     -0.380713     0.0146878       0.49
 0.0359011     -0.407686     0.00908131       0.57
 0.0355421     -0.416744     0.00791457       0.41
 0.0351867     -0.370315     0.016689       0.54
 0.0348348     -0.400532     0.0125071       0.49
 0.0344865     -0.377583     0.0165007       0.51
 0.0341416     -0.432425     0.00756542       0.56
 0.0338002     -0.450434     0.00891206       0.55
 0.0334622     -0.414484     0.0105633       0.47
 0.0331276     -0.449402     0.0108744       0.54
 0.0327963     -0.430572     0.0124355       0.51
 0.0324683     -0.401517     0.0109711       0.48
 0.0321436     -0.42561     0.00939005       0.45
 0.0318222     -0.445283     0.00806976       0.56
 0.031504     -0.439804     0.00955224       0.51
 0.0311889     -0.434589     0.0102062       0.48
 0.030877     -0.410613     0.0110575       0.51
 0.0305683     -0.426816     0.00903822       0.58
 0.0302626     -0.444772     0.00863422       0.53
 0.02996     -0.417667     0.0196029       0.54
 0.0296604     -0.408534     0.0119797       0.62
 0.0293638     -0.419538     0.0157773       0.49
 0.0290701     -0.442803     0.00851022       0.47
 0.0287794     -0.434     0.0137029       0.58
 0.0284916     -0.436674     0.00947416       0.47
 0.0282067     -0.439947     0.00914183       0.54
 0.0279246     -0.454312     0.00781045       0.58
 0.0276454     -0.401796     0.0116265       0.53
 0.0273689     -0.446111     0.00890007       0.59
 0.0270953     -0.437631     0.00879807       0.48
 0.0268243     -0.435021     0.00855216       0.43
 0.0265561     -0.423899     0.0102212       0.46
 0.0262905     -0.410135     0.0110242       0.49
 0.0260276     -0.449986     0.00848319       0.53
 0.0257673     -0.43923     0.00870889       0.55
 0.0255096     -0.394139     0.0141551       0.52
 0.0252546     -0.452813     0.00828076       0.53
 0.025002     -0.425409     0.00881245       0.44
 0.024752     -0.41605     0.0118975       0.49
 0.0245045     -0.422314     0.0127484       0.49
 0.0242594     -0.428744     0.00759826       0.4
 0.0240168     -0.384974     0.0143538       0.39
 0.0237767     -0.389689     0.0106153       0.55
 0.0235389     -0.403508     0.010449       0.46
 0.0233035     -0.400427     0.00946567       0.55
 0.0230705     -0.385023     0.00988007       0.56
 0.0228398     -0.29978     0.0179468       0.54
 0.0226114     -0.194307     0.0403631       0.49
 0.0223853     -0.343198     0.0109747       0.57
 0.0221614     -0.305033     0.00943209       0.5
 0.0219398     -0.360714     0.0101502       0.58
 0.0217204     -0.348178     0.0140327       0.5
 0.0215032     -0.383686     0.0100456       0.43
 0.0212882     -0.39904     0.0103036       0.48
 0.0210753     -0.382238     0.0144023       0.46
 0.0208645     -0.393449     0.0105196       0.59
 0.0206559     -0.400522     0.00969554       0.46
 0.0204493     -0.391964     0.00874298       0.51
 0.0202448     -0.401945     0.00988469       0.51
 0.0200424     -0.412827     0.00747181       0.58
 0.0198419     -0.430342     0.00732035       0.52
 0.0196435     -0.400227     0.0107718       0.5
 0.0194471     -0.412965     0.00911543       0.4
 0.0192526     -0.365508     0.0146487       0.44
 0.0190601     -0.378936     0.0108629       0.48
 0.0188695     -0.385012     0.0130228       0.48
 0.0186808     -0.384033     0.0106251       0.5
 0.018494     -0.374902     0.00912966       0.51
 0.0183091     -0.325092     0.00987581       0.44
 0.018126     -0.394459     0.0112234       0.43
 0.0179447     -0.370292     0.0092109       0.57
 0.0177653     -0.372811     0.00871638       0.52
 0.0175876     -0.40864     0.00873695       0.5
 0.0174117     -0.370355     0.010417       0.49
 0.0172376     -0.386801     0.00858078       0.56
 0.0170652     -0.424418     0.0105287       0.54
 0.0168946     -0.434966     0.00812268       0.46
 0.0167256     -0.426256     0.0117115       0.53
 0.0165584     -0.411362     0.0132818       0.6
 0.0163928     -0.452503     0.0104218       0.54
 0.0162289     -0.418829     0.0101307       0.54
 0.0160666     -0.422386     0.0122387       0.55
 0.0159059     -0.439088     0.00869142       0.52
 0.0157469     -0.448824     0.00865892       0.5
 0.0155894     -0.416344     0.0179394       0.45
 0.0154335     -0.45365     0.0089112       0.56
 0.0152792     -0.445102     0.0095351       0.43
 0.0151264     -0.432709     0.0101112       0.52
 0.0149751     -0.404955     0.0133451       0.48
 0.0148254     -0.457236     0.00827182       0.5
 0.0146771     -0.441809     0.00920818       0.48
 0.0145303     -0.433615     0.010897       0.47
 0.014385     -0.450841     0.00836453       0.44
 0.0142412     -0.438294     0.0101819       0.53
 0.0140988     -0.447748     0.00781916       0.62
 0.0139578     -0.435675     0.01088       0.53
 0.0138182     -0.448608     0.00774525       0.57
 0.01368     -0.418413     0.0122399       0.47
 0.0135432     -0.446275     0.00862767       0.48
 0.0134078     -0.444881     0.0094142       0.5
 0.0132737     -0.436748     0.00797349       0.58
 0.013141     -0.436192     0.00935097       0.55
 0.0130096     -0.441205     0.0201353       0.5
 0.0128795     -0.441617     0.00786996       0.44
 0.0127507     -0.423951     0.00901678       0.63
 0.0126232     -0.412688     0.0108479       0.64
 0.0124969     -0.452383     0.00855264       0.49
 0.012372     -0.444736     0.00805258       0.55
 0.0122482     -0.437406     0.00790171       0.57
 0.0121258     -0.441011     0.0095249       0.46
 0.0120045     -0.403823     0.0121976       0.5
 0.0118845     -0.445759     0.00815809       0.44
 0.0117656     -0.428472     0.00805055       0.47
 0.011648     -0.427838     0.00874503       0.47
 0.0115315     -0.448493     0.0079593       0.48
 0.0114162     -0.430721     0.0121959       0.55
 0.011302     -0.42693     0.00863555       0.49
 0.011189     -0.413408     0.00843908       0.49
 0.0110771     -0.400955     0.00985714       0.57
 0.0109663     -0.374963     0.0131975       0.53
 0.0108567     -0.400604     0.00772097       0.51
 0.0107481     -0.405773     0.0109831       0.4
 0.0106406     -0.425535     0.00785903       0.58
 0.0105342     -0.416338     0.00947629       0.44
 0.0104289     -0.416603     0.00820419       0.5
 0.0103246     -0.425223     0.00861047       0.49
 0.0102213     -0.432515     0.00920581       0.48
 0.0101191     -0.419671     0.0103347       0.55
 0.0100179     -0.431008     0.00787648       0.59
