T  	 	 mu 	 	 sigma 	 	 H 	 	 err
2	 	0.623536	 	0.989428	 	 -0.108938	 	0.0178498
1.98	 	0.789538	 	0.852723	 	 -0.208914	 	0.0119308
1.9602	 	0.43095	 	1.11714	 	 -0.0657528	 	0.0176373
1.9406	 	0.803301	 	0.820144	 	 -0.265032	 	0.00991451
1.92119	 	0.73346	 	0.54834	 	 -0.382145	 	0.00357532
1.90198	 	0.922165	 	0.49508	 	 -0.202326	 	0.00588002
1.88296	 	1.0422	 	0.550331	 	 -0.177218	 	0.00438235
1.86413	 	0.15265	 	0.538998	 	 0.466692	 	0.00893856
1.84549	 	0.93797	 	0.67832	 	 -0.335182	 	0.00634744
1.82703	 	0.362824	 	1.62459	 	 2.29782	 	0.0953949
1.80876	 	0.360624	 	1.06732	 	 -0.182254	 	0.0128713
1.79068	 	0.560194	 	0.863928	 	 -0.277984	 	0.00873013
1.77277	 	1.0855	 	1.09716	 	 1.60587	 	0.0546254
1.75504	 	0.514239	 	1.11965	 	 -0.0415249	 	0.0189664
1.73749	 	0.920393	 	0.542207	 	 -0.320701	 	0.00423668
1.72012	 	0.763003	 	0.563049	 	 -0.416567	 	0.00306177
1.70292	 	1.45931	 	0.288451	 	 2.59958	 	0.0244441
1.68589	 	0.774213	 	0.433563	 	 0.0189596	 	0.0102338
1.66903	 	0.241552	 	0.821076	 	 -0.166438	 	0.0051141
1.65234	 	0.785144	 	1.75452	 	 5.73455	 	0.185958
1.63581	 	1.16291	 	0.963102	 	 1.44191	 	0.0456319
1.61946	 	0.0818063	 	0.912717	 	 -0.21965	 	0.00735624
1.60326	 	0.587073	 	1.50355	 	 1.92853	 	0.0741086
1.58723	 	0.0873674	 	1.4359	 	 0.754897	 	0.0475479
1.57136	 	1.02147	 	0.858643	 	 0.294841	 	0.0233321
1.55564	 	0.391202	 	1.22444	 	 0.140181	 	0.0262548
1.54009	 	1.00466	 	0.536343	 	 -0.219258	 	0.00362548
1.52469	 	0.0687019	 	1.10048	 	 -0.182015	 	0.012587
1.50944	 	0.00112161	 	0.747112	 	 -0.0225385	 	0.00654762
1.49434	 	0.687713	 	0.445605	 	 -0.0847883	 	0.0098923
1.4794	 	0.232399	 	1.22625	 	 -0.0167079	 	0.0195383
1.46461	 	0.320415	 	1.19408	 	 0.0103926	 	0.0223247
1.44996	 	0.958418	 	1.03065	 	 0.640565	 	0.0396997
1.43546	 	0.670772	 	1.09919	 	 0.208812	 	0.0297886
1.42111	 	0.602309	 	0.724024	 	 -0.33197	 	0.0044253
1.4069	 	1.24193	 	0.530268	 	 0.398758	 	0.00967637
1.39283	 	0.0727854	 	0.806829	 	 -0.131367	 	0.00535011
1.3789	 	1.11661	 	0.659319	 	 0.050891	 	0.0139605
1.36511	 	0.662567	 	1.17251	 	 0.324292	 	0.0321442
1.35146	 	0.422044	 	0.55742	 	 -0.00286004	 	0.0054132
1.33794	 	0.977288	 	1.10945	 	 1.13922	 	0.0517756
1.32456	 	0.63232	 	0.475841	 	 -0.200606	 	0.00623251
1.31132	 	0.87706	 	0.589367	 	 -0.417398	 	0.00345825
1.29821	 	1.09023	 	1.03481	 	 1.34102	 	0.0494897
1.28522	 	0.228172	 	0.808023	 	 -0.152288	 	0.00492106
1.27237	 	1.12828	 	0.504464	 	 0.0680418	 	0.00624306
1.25965	 	0.785585	 	0.954312	 	 -0.0364506	 	0.0160489
1.24705	 	0.522827	 	1.00095	 	 -0.197594	 	0.0107565
1.23458	 	1.41593	 	0.696242	 	 1.87338	 	0.0317279
1.22223	 	1.01205	 	0.675557	 	 -0.202202	 	0.00866526
1.21001	 	0.405821	 	0.979053	 	 -0.248003	 	0.00799178
1.19791	 	0.15536	 	1.43387	 	 0.783865	 	0.0487905
1.18593	 	0.0163748	 	0.70622	 	 0.0615432	 	0.00668826
1.17407	 	0.53896	 	0.908868	 	 -0.248305	 	0.00778331
1.16233	 	0.0624773	 	1.44059	 	 0.711098	 	0.040491
1.15071	 	0.148582	 	0.892257	 	 -0.213875	 	0.00560672
1.1392	 	0.765156	 	1.07464	 	 0.210647	 	0.0250253
1.12781	 	0.426174	 	0.543683	 	 0.00216345	 	0.00571554
1.11653	 	1.42832	 	0.746685	 	 2.27195	 	0.0399332
1.10537	 	0.162039	 	1.01434	 	 -0.234981	 	0.00830919
1.09431	 	0.0565251	 	0.476065	 	 0.843953	 	0.0111043
1.08337	 	0.0562364	 	0.445602	 	 1.02771	 	0.0108286
1.07254	 	1.0734	 	0.796217	 	 0.291735	 	0.0212738
1.06181	 	0.17986	 	1.0604	 	 -0.233279	 	0.00848273
1.05119	 	0.833379	 	0.960436	 	 0.0703474	 	0.0190168
1.04068	 	1.13278	 	0.405896	 	 0.387725	 	0.0120443
1.03027	 	1.35738	 	0.365252	 	 1.26172	 	0.0125502
1.01997	 	0.726247	 	0.67638	 	 -0.409064	 	0.00332303
1.00977	 	0.128167	 	1.45926	 	 0.792937	 	0.0428345
0.999674	 	0.135407	 	1.01687	 	 -0.253281	 	0.00695274
0.989677	 	0.925227	 	1.07768	 	 0.733296	 	0.036281
0.979781	 	0.604368	 	0.920991	 	 -0.251347	 	0.009955
0.969983	 	0.684896	 	0.412236	 	 0.129679	 	0.01281
0.960283	 	0.149508	 	1.18666	 	 -0.0795135	 	0.0217054
0.95068	 	0.178145	 	0.706616	 	 0.0279405	 	0.00619877
0.941173	 	0.191155	 	1.2842	 	 0.150782	 	0.0272295
0.931762	 	0.58392	 	0.591796	 	 -0.281014	 	0.00366928
0.922444	 	0.20138	 	1.26403	 	 0.0925546	 	0.0247528
0.913219	 	0.3353	 	1.11098	 	 -0.115151	 	0.0157958
0.904087	 	0.467912	 	0.634381	 	 -0.158002	 	0.00508912
0.895046	 	0.856254	 	0.947555	 	 0.12653	 	0.0208377
0.886096	 	0.42173	 	0.715493	 	 -0.176929	 	0.00565418
0.877235	 	0.845167	 	0.674055	 	 -0.415811	 	0.0037988
0.868463	 	0.368286	 	1.18014	 	 -0.0128697	 	0.016487
0.859778	 	0.217515	 	1.07089	 	 -0.193617	 	0.00903797
0.85118	 	0.991463	 	0.576233	 	 -0.290989	 	0.00459695
0.842668	 	0.768888	 	0.970479	 	 -0.0372164	 	0.0154675
0.834242	 	0.312792	 	0.519454	 	 0.264783	 	0.00771981
0.825899	 	0.517828	 	0.94885	 	 -0.244398	 	0.00851742
0.81764	 	0.238818	 	1.41326	 	 0.738971	 	0.0468979
0.809464	 	0.572919	 	0.760008	 	 -0.315417	 	0.00430854
0.801369	 	0.251813	 	0.46478	 	 0.574088	 	0.00809566
0.793356	 	0.914551	 	0.807145	 	 -0.16201	 	0.012495
0.785422	 	0.610993	 	0.875529	 	 -0.284502	 	0.0084192
0.777568	 	0.0746606	 	1.08911	 	 -0.21398	 	0.0110164
0.769792	 	0.0598616	 	1.31073	 	 0.199174	 	0.0270539
0.762094	 	0.97412	 	0.501269	 	 -0.180604	 	0.0044798
0.754473	 	0.540773	 	0.934306	 	 -0.234747	 	0.0101386
0.746929	 	0.467439	 	1.0824	 	 -0.133081	 	0.0141026
0.739459	 	0.312328	 	1.16873	 	 -0.0700334	 	0.0182738
0.732065	 	1.0292	 	0.277471	 	 1.86109	 	0.0265182
0.724744	 	0.214908	 	0.834513	 	 -0.175683	 	0.00537854
0.717497	 	0.215052	 	0.90416	 	 -0.224311	 	0.00479449
0.710322	 	0.422157	 	0.91405	 	 -0.269332	 	0.00668446
0.703218	 	0.577455	 	0.739716	 	 -0.313084	 	0.00376493
0.696186	 	0.396306	 	1.32237	 	 0.517832	 	0.0360729
0.689224	 	0.237493	 	1.4454	 	 0.835445	 	0.0484374
0.682332	 	0.789347	 	0.730502	 	 -0.371272	 	0.0060747
0.675509	 	0.404084	 	0.796105	 	 -0.223077	 	0.00534639
0.668754	 	1.20471	 	0.736593	 	 0.687818	 	0.0245011
0.662066	 	0.306318	 	0.644808	 	 0.0300866	 	0.00625673
0.655446	 	0.971835	 	0.483158	 	 -0.132189	 	0.00596583
0.648891	 	0.446018	 	0.651118	 	 -0.148558	 	0.00589943
0.642402	 	0.960693	 	0.655884	 	 -0.321606	 	0.00714776
0.635978	 	0.338112	 	0.837924	 	 -0.229584	 	0.00540179
0.629618	 	0.834017	 	0.355451	 	 0.734533	 	0.0164657
0.623322	 	1.19494	 	0.710867	 	 0.510883	 	0.0195329
0.617089	 	0.2778	 	0.926328	 	 -0.251299	 	0.00651505
0.610918	 	0.518784	 	0.725462	 	 -0.267452	 	0.00432675
0.604809	 	0.0696873	 	0.602969	 	 0.326532	 	0.00813431
0.598761	 	0.0485184	 	1.37821	 	 0.460857	 	0.0406882
0.592773	 	0.111723	 	1.61015	 	 1.81282	 	0.0742049
0.586845	 	0.914941	 	0.400594	 	 0.314559	 	0.0113016
0.580977	 	0.365857	 	0.788348	 	 -0.196394	 	0.00526142
0.575167	 	0.155951	 	1.20992	 	 -0.00207566	 	0.0252939
0.569416	 	0.238198	 	1.28211	 	 0.189041	 	0.0241855
0.563721	 	0.707658	 	0.459384	 	 -0.167988	 	0.00899402
0.558084	 	0.37855	 	0.931832	 	 -0.248988	 	0.00768972
0.552503	 	0.711344	 	0.777482	 	 -0.340502	 	0.00671402
0.546978	 	0.294627	 	1.07815	 	 -0.190433	 	0.014736
0.541509	 	0.288104	 	1.47422	 	 1.11257	 	0.0658561
0.536093	 	1.02598	 	0.483678	 	 -0.0658912	 	0.00603392
0.530732	 	0.138246	 	1.1744	 	 -0.112616	 	0.0177718
0.525425	 	1.06835	 	0.91807	 	 0.67171	 	0.0299187
0.520171	 	0.710938	 	0.742341	 	 -0.376966	 	0.0051915
0.514969	 	0.150448	 	0.983654	 	 -0.252978	 	0.00665497
0.50982	 	1.00321	 	0.724445	 	 -0.123483	 	0.0132213
0.504721	 	0.772813	 	0.891061	 	 -0.16993	 	0.0133856
0.499674	 	0.339634	 	0.410577	 	 0.469658	 	0.0101069
0.494677	 	0.94858	 	0.514319	 	 -0.242001	 	0.0044069
0.489731	 	0.49779	 	0.441793	 	 0.0214559	 	0.0062724
0.484833	 	0.229919	 	1.01012	 	 -0.244891	 	0.0100329
0.479985	 	0.659631	 	0.786358	 	 -0.338874	 	0.00518156
0.475185	 	0.958703	 	0.76333	 	 -0.157378	 	0.0139354
0.470433	 	0.257277	 	1.55153	 	 1.56466	 	0.06945
0.465729	 	0.60613	 	0.871771	 	 -0.276823	 	0.00809389
0.461072	 	0.915218	 	0.770522	 	 -0.204091	 	0.010876
0.456461	 	0.091538	 	0.463705	 	 0.882601	 	0.0110193
0.451896	 	0.89185	 	0.492762	 	 -0.222036	 	0.00535312
0.447377	 	0.979321	 	0.466822	 	 -0.0454844	 	0.00733411
0.442904	 	0.605418	 	0.678941	 	 -0.338101	 	0.00323131
0.438475	 	0.814948	 	0.874761	 	 -0.125642	 	0.019385
0.43409	 	0.664507	 	0.79254	 	 -0.325011	 	0.00662139
0.429749	 	0.488174	 	0.778905	 	 -0.262153	 	0.00468236
0.425451	 	0.997175	 	0.488373	 	 -0.121711	 	0.00589575
0.421197	 	0.829574	 	0.619241	 	 -0.442882	 	0.00264681
0.416985	 	0.55117	 	0.56514	 	 -0.221489	 	0.00412665
0.412815	 	0.373636	 	0.774997	 	 -0.187651	 	0.00506574
0.408687	 	0.90291	 	0.561177	 	 -0.371407	 	0.00341497
0.4046	 	0.664623	 	0.682023	 	 -0.376513	 	0.00377604
0.400554	 	0.0824232	 	0.967017	 	 -0.244265	 	0.00588855
0.396549	 	0.606293	 	0.604942	 	 -0.320079	 	0.00350665
0.392583	 	0.0880794	 	0.552922	 	 0.468699	 	0.00982464
0.388657	 	0.813217	 	0.516709	 	 -0.328308	 	0.00564859
0.384771	 	0.586708	 	0.498463	 	 -0.213612	 	0.00478507
0.380923	 	0.549678	 	0.743215	 	 -0.300313	 	0.00407236
0.377114	 	0.40764	 	0.660464	 	 -0.104404	 	0.00486514
0.373343	 	0.419042	 	0.669395	 	 -0.124206	 	0.00488245
0.369609	 	0.0647775	 	0.83088	 	 -0.146389	 	0.00469238
0.365913	 	0.534698	 	0.510499	 	 -0.146761	 	0.004952
0.362254	 	0.587924	 	0.62255	 	 -0.306167	 	0.0032746
0.358631	 	0.498115	 	0.487783	 	 -0.060565	 	0.00612863
0.355045	 	0.142522	 	0.94144	 	 -0.250676	 	0.00542666
0.351495	 	0.783014	 	0.807162	 	 -0.267605	 	0.0104708
0.34798	 	0.758377	 	0.780255	 	 -0.336544	 	0.00659609
0.3445	 	0.127572	 	1.00389	 	 -0.252394	 	0.00661784
0.341055	 	0.90737	 	0.869654	 	 -0.0111625	 	0.0167132
0.337644	 	0.667497	 	0.547999	 	 -0.349811	 	0.00394447
0.334268	 	0.622517	 	1.1466	 	 0.23691	 	0.0321393
0.330925	 	1.12742	 	0.596534	 	 0.0279431	 	0.0102859
0.327616	 	1.04915	 	0.482683	 	 -0.0299147	 	0.00595555
0.32434	 	0.212352	 	1.06797	 	 -0.217685	 	0.00956081
0.321096	 	0.331673	 	1.10425	 	 -0.16758	 	0.0127199
0.317885	 	0.74964	 	0.894054	 	 -0.177832	 	0.012303
0.314707	 	0.142472	 	0.833017	 	 -0.16263	 	0.00492479
0.311559	 	0.572344	 	1.17639	 	 0.217067	 	0.0284834
0.308444	 	1.31583	 	0.576956	 	 0.778993	 	0.019069
0.305359	 	0.227731	 	1.23267	 	 -0.00432093	 	0.0177025
0.302306	 	0.976092	 	0.63201	 	 -0.31228	 	0.0063236
0.299283	 	1.09793	 	0.692478	 	 0.0759232	 	0.0124337
0.29629	 	0.4365	 	0.932301	 	 -0.270292	 	0.00634102
0.293327	 	0.518763	 	0.492644	 	 -0.105104	 	0.00603158
0.290394	 	0.265433	 	0.859519	 	 -0.213638	 	0.0047386
0.28749	 	0.364179	 	0.833756	 	 -0.220026	 	0.00449238
0.284615	 	0.957628	 	0.6585	 	 -0.308499	 	0.0060127
0.281769	 	0.581175	 	0.767453	 	 -0.315995	 	0.0052645
0.278951	 	0.390998	 	1.20174	 	 0.0843567	 	0.0247113
0.276162	 	0.718385	 	0.762745	 	 -0.351446	 	0.00709624
0.2734	 	0.717122	 	0.727054	 	 -0.384822	 	0.0042724
0.270666	 	1.04144	 	0.68084	 	 -0.114134	 	0.0101728
0.267959	 	0.469176	 	0.884906	 	 -0.261183	 	0.00660483
0.26528	 	0.519004	 	0.811495	 	 -0.275593	 	0.00601972
0.262627	 	0.487202	 	0.773163	 	 -0.264798	 	0.00453286
0.260001	 	0.838355	 	0.687459	 	 -0.39437	 	0.00597689
0.257401	 	0.234907	 	0.923541	 	 -0.23152	 	0.00781346
0.254827	 	0.814441	 	0.711586	 	 -0.372843	 	0.00611508
0.252278	 	0.328167	 	0.819179	 	 -0.198582	 	0.00573014
0.249756	 	0.622728	 	0.396271	 	 0.205901	 	0.0128739
0.247258	 	0.701936	 	0.624461	 	 -0.408012	 	0.00311623
0.244785	 	0.713036	 	0.537441	 	 -0.369873	 	0.00462718
0.242338	 	0.239546	 	1.016	 	 -0.235797	 	0.00929931
0.239914	 	0.619662	 	0.555234	 	 -0.30876	 	0.00372976
0.237515	 	0.772185	 	0.603535	 	 -0.43843	 	0.00221472
0.23514	 	1.02684	 	0.547121	 	 -0.203438	 	0.00459681
0.232789	 	0.0704665	 	0.84954	 	 -0.170994	 	0.00598226
0.230461	 	0.362268	 	0.619989	 	 -0.0078327	 	0.0061263
0.228156	 	0.105431	 	1.12803	 	 -0.155551	 	0.0108822
0.225875	 	0.721221	 	1.0371	 	 0.120762	 	0.0261477
0.223616	 	0.488336	 	0.700487	 	 -0.216279	 	0.00466818
0.22138	 	0.294689	 	1.02321	 	 -0.235348	 	0.00987143
0.219166	 	0.678366	 	0.482166	 	 -0.232102	 	0.00824291
0.216974	 	0.867393	 	0.762457	 	 -0.286458	 	0.00817398
0.214804	 	0.301991	 	0.46967	 	 0.430497	 	0.00778826
0.212656	 	0.694104	 	0.59658	 	 -0.400925	 	0.00277473
0.21053	 	0.857341	 	0.62421	 	 -0.435136	 	0.00306669
0.208425	 	0.679534	 	0.666645	 	 -0.387735	 	0.00326303
0.20634	 	0.739926	 	0.525894	 	 -0.357851	 	0.00484259
0.204277	 	0.234573	 	0.924926	 	 -0.236674	 	0.0062795
0.202234	 	0.563033	 	0.774965	 	 -0.301028	 	0.00535699
0.200212	 	0.607624	 	0.582148	 	 -0.312398	 	0.0030401
0.19821	 	0.152508	 	0.940724	 	 -0.248651	 	0.0061932
0.196228	 	0.377968	 	0.948338	 	 -0.257718	 	0.00723557
0.194265	 	0.363441	 	0.97711	 	 -0.254356	 	0.00895173
0.192323	 	0.206125	 	1.1473	 	 -0.134058	 	0.0156251
0.190399	 	0.940776	 	0.488955	 	 -0.1792	 	0.00458644
0.188495	 	0.844229	 	0.679292	 	 -0.397094	 	0.00455429
0.18661	 	0.894324	 	0.602639	 	 -0.411368	 	0.00295342
0.184744	 	0.550928	 	0.777576	 	 -0.300729	 	0.00458166
0.182897	 	0.986869	 	0.770327	 	 -0.0683261	 	0.0156873
0.181068	 	0.641337	 	0.754378	 	 -0.353499	 	0.00467327
0.179257	 	0.718017	 	0.811181	 	 -0.305164	 	0.00944334
0.177465	 	0.068758	 	1.0172	 	 -0.251673	 	0.0078739
0.17569	 	0.879586	 	0.604991	 	 -0.415901	 	0.00378476
0.173933	 	0.584105	 	0.641657	 	 -0.309329	 	0.00396237
0.172194	 	0.187779	 	0.80543	 	 -0.141473	 	0.00577579
0.170472	 	0.20786	 	1.07067	 	 -0.226863	 	0.010952
0.168767	 	0.385634	 	0.934291	 	 -0.246971	 	0.00820354
0.167079	 	0.481655	 	0.735758	 	 -0.240612	 	0.00471253
0.165409	 	0.969641	 	0.656122	 	 -0.306988	 	0.00660593
0.163755	 	0.697384	 	0.849812	 	 -0.296075	 	0.00684988
0.162117	 	0.691949	 	0.491298	 	 -0.250908	 	0.00652774
0.160496	 	0.43515	 	0.823803	 	 -0.260781	 	0.00565605
0.158891	 	0.791044	 	0.700976	 	 -0.40995	 	0.00470537
0.157302	 	0.691516	 	0.773864	 	 -0.341106	 	0.00585312
0.155729	 	0.98598	 	0.713838	 	 -0.181683	 	0.012285
0.154172	 	0.793832	 	0.487931	 	 -0.249829	 	0.00791151
0.15263	 	0.465953	 	0.541749	 	 -0.0551245	 	0.00476931
0.151104	 	0.554082	 	0.534584	 	 -0.202756	 	0.00444821
0.149593	 	0.766159	 	0.563929	 	 -0.420969	 	0.00339259
0.148097	 	0.0417159	 	1.14999	 	 -0.159682	 	0.0154806
0.146616	 	0.545267	 	0.925095	 	 -0.239846	 	0.00991018
0.14515	 	0.602527	 	0.756517	 	 -0.330171	 	0.00416702
0.143698	 	0.176692	 	1.04189	 	 -0.24678	 	0.00859842
0.142261	 	0.099904	 	0.968283	 	 -0.238098	 	0.00538622
0.140838	 	0.135006	 	0.741009	 	 -0.0325957	 	0.00617332
0.13943	 	0.330603	 	1.2013	 	 0.0348569	 	0.0192432
0.138036	 	0.0421193	 	1.08629	 	 -0.242901	 	0.00873968
0.136655	 	0.194322	 	1.03379	 	 -0.239999	 	0.0093741
0.135289	 	0.380198	 	0.918591	 	 -0.25039	 	0.00652172
0.133936	 	0.243621	 	0.892583	 	 -0.229995	 	0.00525138
0.132597	 	0.378322	 	1.09003	 	 -0.153152	 	0.017991
0.131271	 	0.300173	 	0.919445	 	 -0.25426	 	0.00546613
0.129958	 	0.394509	 	0.787745	 	 -0.2151	 	0.00453708
0.128658	 	0.336219	 	0.783921	 	 -0.18321	 	0.0048318
0.127372	 	0.46534	 	0.846841	 	 -0.272098	 	0.00544193
0.126098	 	0.313457	 	0.894467	 	 -0.236387	 	0.00656862
0.124837	 	0.0907139	 	0.908587	 	 -0.213775	 	0.00554034
0.123589	 	0.0466325	 	1.07416	 	 -0.216114	 	0.0112887
0.122353	 	0.08072	 	0.956506	 	 -0.250479	 	0.00554678
0.121129	 	0.286501	 	1.002	 	 -0.239543	 	0.00849165
0.119918	 	0.238038	 	1.07228	 	 -0.221741	 	0.010904
0.118719	 	0.379952	 	0.859962	 	 -0.256206	 	0.00516768
0.117532	 	0.670157	 	0.738711	 	 -0.361374	 	0.00456411
0.116356	 	0.7837	 	0.792611	 	 -0.324004	 	0.00898223
0.115193	 	0.661274	 	0.727493	 	 -0.355356	 	0.00510522
0.114041	 	0.759537	 	0.691919	 	 -0.412989	 	0.00362496
0.1129	 	0.92325	 	0.697639	 	 -0.330988	 	0.00781222
0.111771	 	0.653154	 	0.535413	 	 -0.32073	 	0.00412312
0.110654	 	0.587194	 	0.640395	 	 -0.30549	 	0.00377015
0.109547	 	0.595186	 	0.787566	 	 -0.306832	 	0.00708454
0.108452	 	0.139304	 	0.774593	 	 -0.0875769	 	0.00609094
0.107367	 	0.807341	 	0.539132	 	 -0.382283	 	0.00415905
0.106294	 	0.882737	 	0.633841	 	 -0.415068	 	0.00379555
0.105231	 	0.882562	 	0.595709	 	 -0.416048	 	0.00341042
0.104178	 	0.682734	 	0.668377	 	 -0.393738	 	0.00299826
0.103137	 	0.568066	 	0.790675	 	 -0.307324	 	0.00522517
0.102105	 	0.453997	 	0.862879	 	 -0.26548	 	0.00641399
0.101084	 	0.601104	 	1.03136	 	 -0.0786061	 	0.0213528
0.100073	 	0.358631	 	0.930786	 	 -0.259136	 	0.00711937
0.0990725	 	0.375164	 	0.961231	 	 -0.245847	 	0.00847849
0.0980818	 	0.387713	 	0.994044	 	 -0.243649	 	0.00876446
0.097101	 	0.241393	 	0.960812	 	 -0.258975	 	0.00558155
0.09613	 	0.110277	 	1.35485	 	 0.324815	 	0.0356093
0.0951687	 	0.172557	 	0.929313	 	 -0.242798	 	0.00595794
0.094217	 	0.245281	 	0.833476	 	 -0.187599	 	0.00518723
0.0932748	 	0.65621	 	0.589929	 	 -0.365174	 	0.00285618
0.0923421	 	0.778551	 	0.712372	 	 -0.397774	 	0.00561578
0.0914186	 	0.759159	 	0.705835	 	 -0.388977	 	0.00603553
0.0905044	 	0.691588	 	0.597347	 	 -0.401854	 	0.00303352
0.0895994	 	0.731357	 	0.745565	 	 -0.380604	 	0.00492592
0.0887034	 	0.746207	 	0.561427	 	 -0.411285	 	0.0028128
0.0878164	 	0.662003	 	0.89955	 	 -0.23578	 	0.011731
0.0869382	 	0.516757	 	0.875006	 	 -0.280481	 	0.00621686
0.0860688	 	0.715575	 	0.693757	 	 -0.394946	 	0.00510426
0.0852081	 	0.855462	 	0.700976	 	 -0.379225	 	0.00637417
0.0843561	 	0.621248	 	0.547103	 	 -0.299804	 	0.00405892
0.0835125	 	0.874065	 	0.567007	 	 -0.406891	 	0.00324071
0.0826774	 	0.745482	 	0.662971	 	 -0.422103	 	0.00289037
0.0818506	 	0.716879	 	0.680766	 	 -0.40551	 	0.00373056
0.0810321	 	0.636081	 	0.558678	 	 -0.324958	 	0.00371073
0.0802218	 	0.830536	 	0.943559	 	 0.0730245	 	0.0213694
0.0794196	 	0.842757	 	0.771056	 	 -0.289604	 	0.00996439
0.0786254	 	0.555089	 	0.688978	 	 -0.286949	 	0.00359039
0.0778391	 	0.511489	 	0.772833	 	 -0.277801	 	0.00461417
0.0770607	 	0.315168	 	0.791853	 	 -0.171489	 	0.00524698
0.0762901	 	0.488721	 	0.841965	 	 -0.286108	 	0.00655747
0.0755272	 	0.860814	 	0.790688	 	 -0.233036	 	0.0117938
0.0747719	 	0.922092	 	0.654788	 	 -0.35943	 	0.00906008
0.0740242	 	0.940948	 	0.598403	 	 -0.358647	 	0.00389661
0.073284	 	0.847384	 	0.583883	 	 -0.43275	 	0.00284519
0.0725511	 	0.679042	 	0.66788	 	 -0.387044	 	0.00331389
0.0718256	 	0.764416	 	0.790619	 	 -0.321165	 	0.00661365
0.0711074	 	0.703891	 	0.625289	 	 -0.415072	 	0.00238562
0.0703963	 	0.726622	 	0.614263	 	 -0.422317	 	0.00249473
0.0696923	 	0.744607	 	0.62814	 	 -0.435743	 	0.00222649
0.0689954	 	0.666963	 	0.622776	 	 -0.382837	 	0.00267716
0.0683055	 	0.804255	 	0.594389	 	 -0.446882	 	0.00212637
0.0676224	 	0.715337	 	0.61137	 	 -0.418949	 	0.0024576
0.0669462	 	0.802897	 	0.588048	 	 -0.439482	 	0.00249326
0.0662767	 	0.85072	 	0.81009	 	 -0.23541	 	0.0108559
0.0656139	 	0.657874	 	0.821413	 	 -0.299966	 	0.00720174
0.0649578	 	0.794395	 	0.917771	 	 -0.103013	 	0.0149248
0.0643082	 	0.831751	 	0.668129	 	 -0.42296	 	0.0043246
0.0636651	 	0.898998	 	0.696533	 	 -0.358623	 	0.00673047
0.0630285	 	0.896431	 	0.550376	 	 -0.35741	 	0.00404075
0.0623982	 	0.809927	 	0.671021	 	 -0.426466	 	0.00399077
0.0617742	 	0.903042	 	0.668086	 	 -0.375906	 	0.0055208
0.0611565	 	0.834678	 	0.593385	 	 -0.430264	 	0.00320422
0.0605449	 	0.694044	 	0.667372	 	 -0.399214	 	0.00289212
0.0599395	 	0.756706	 	0.598753	 	 -0.434166	 	0.00257295
0.0593401	 	0.629027	 	0.644007	 	 -0.349392	 	0.00284109
0.0587467	 	0.792574	 	0.573743	 	 -0.424317	 	0.00312925
0.0581592	 	0.742191	 	0.61829	 	 -0.430856	 	0.00253489
0.0575776	 	0.802762	 	0.681942	 	 -0.416212	 	0.00457182
0.0570018	 	0.990089	 	0.596432	 	 -0.302184	 	0.00504323
0.0564318	 	0.768138	 	0.652376	 	 -0.427833	 	0.00302042
0.0558675	 	0.836149	 	0.715228	 	 -0.377017	 	0.00772464
0.0553088	 	0.892182	 	0.672702	 	 -0.379795	 	0.00600558
0.0547557	 	0.870029	 	0.609221	 	 -0.426106	 	0.00300768
0.0542082	 	0.91097	 	0.583063	 	 -0.386675	 	0.00326584
0.0536661	 	0.921342	 	0.616529	 	 -0.382054	 	0.0042051
0.0531294	 	0.821262	 	0.618167	 	 -0.440222	 	0.00319069
0.0525981	 	0.558142	 	0.877569	 	 -0.272215	 	0.00659373
0.0520722	 	0.707961	 	0.663859	 	 -0.405793	 	0.00287357
0.0515514	 	0.806004	 	0.607046	 	 -0.444249	 	0.00281711
0.0510359	 	0.856449	 	0.696766	 	 -0.384434	 	0.00592879
0.0505256	 	0.750331	 	0.595033	 	 -0.430772	 	0.00221967
0.0500203	 	0.877271	 	0.680408	 	 -0.391527	 	0.00542267
0.0495201	 	0.783215	 	0.619315	 	 -0.44227	 	0.00195031
0.0490249	 	0.827681	 	0.578483	 	 -0.432196	 	0.00278311
0.0485347	 	0.810415	 	0.672437	 	 -0.425317	 	0.0035736
0.0480493	 	0.815631	 	0.554933	 	 -0.406326	 	0.00335587
0.0475688	 	0.776504	 	0.681547	 	 -0.419204	 	0.00351727
0.0470931	 	0.685734	 	0.755932	 	 -0.35866	 	0.00562323
0.0466222	 	0.580142	 	0.695095	 	 -0.316467	 	0.00392495
0.046156	 	0.772948	 	0.620187	 	 -0.439281	 	0.00245609
0.0456944	 	0.720312	 	0.616241	 	 -0.420392	 	0.00225639
0.0452375	 	0.60922	 	0.768697	 	 -0.330125	 	0.00528853
0.0447851	 	0.644571	 	0.789434	 	 -0.321322	 	0.00672364
0.0443372	 	0.688902	 	0.72056	 	 -0.378657	 	0.00417826
0.0438939	 	0.750254	 	0.653067	 	 -0.432321	 	0.00270443
0.0434549	 	0.785911	 	0.606446	 	 -0.44624	 	0.00210187
0.0430204	 	0.76374	 	0.51389	 	 -0.333105	 	0.00576235
0.0425902	 	0.785086	 	0.578985	 	 -0.430145	 	0.00287876
0.0421643	 	0.832103	 	0.599544	 	 -0.433966	 	0.00351739
0.0417426	 	0.770463	 	0.630271	 	 -0.444822	 	0.00194867
0.0413252	 	0.753764	 	0.63956	 	 -0.430788	 	0.00284986
0.040912	 	0.654846	 	0.632025	 	 -0.377599	 	0.00280782
0.0405028	 	0.8053	 	0.636442	 	 -0.446173	 	0.00254317
0.0400978	 	0.905862	 	0.602422	 	 -0.395846	 	0.00418296
0.0396968	 	0.858584	 	0.622796	 	 -0.428831	 	0.0033787
0.0392999	 	0.792214	 	0.561258	 	 -0.410998	 	0.00355035
0.0389069	 	0.786507	 	0.625808	 	 -0.440576	 	0.00297872
0.0385178	 	0.827756	 	0.685428	 	 -0.408579	 	0.00468205
0.0381326	 	0.68999	 	0.736019	 	 -0.36403	 	0.00500597
0.0377513	 	0.791847	 	0.710793	 	 -0.393519	 	0.00564269
0.0373738	 	0.807982	 	0.633491	 	 -0.442904	 	0.00287862
0.037	 	0.778117	 	0.607722	 	 -0.437406	 	0.00224461
0.03663	 	0.801524	 	0.603565	 	 -0.442846	 	0.00254281
0.0362637	 	0.784816	 	0.581384	 	 -0.434733	 	0.00259662
0.0359011	 	0.676611	 	0.59593	 	 -0.388994	 	0.00275008
0.0355421	 	0.668913	 	0.561567	 	 -0.366274	 	0.00368368
0.0351867	 	0.802309	 	0.642879	 	 -0.436937	 	0.00330229
0.0348348	 	0.82627	 	0.626085	 	 -0.442687	 	0.00264787
0.0344865	 	0.832019	 	0.630172	 	 -0.442772	 	0.00316731
0.0341416	 	0.732152	 	0.64759	 	 -0.422672	 	0.00282694
0.0338002	 	0.832016	 	0.670026	 	 -0.419786	 	0.00435588
0.0334622	 	0.722288	 	0.615886	 	 -0.425573	 	0.00255146
0.0331276	 	0.782403	 	0.675999	 	 -0.415929	 	0.0041865
0.0327963	 	0.752558	 	0.602717	 	 -0.434547	 	0.00252879
0.0324683	 	0.778785	 	0.646741	 	 -0.435332	 	0.00350056
0.0321436	 	0.735217	 	0.686632	 	 -0.412813	 	0.00317234
0.0318222	 	0.768257	 	0.605442	 	 -0.441811	 	0.00238305
0.031504	 	0.725033	 	0.652193	 	 -0.415952	 	0.00262052
0.0311889	 	0.833742	 	0.596659	 	 -0.437981	 	0.00300196
0.030877	 	0.773044	 	0.572	 	 -0.424874	 	0.00300542
0.0305683	 	0.708508	 	0.710256	 	 -0.389612	 	0.00412637
0.0302626	 	0.799819	 	0.687797	 	 -0.416676	 	0.00441984
0.02996	 	0.938913	 	0.629946	 	 -0.365684	 	0.00459634
0.0296604	 	0.896152	 	0.544771	 	 -0.352704	 	0.0042071
0.0293638	 	0.826523	 	0.604541	 	 -0.442589	 	0.00243845
0.0290701	 	0.734669	 	0.650914	 	 -0.427941	 	0.00233791
0.0287794	 	0.77198	 	0.652869	 	 -0.435461	 	0.00308174
0.0284916	 	0.731383	 	0.60318	 	 -0.43343	 	0.0026734
0.0282067	 	0.783952	 	0.6398	 	 -0.436134	 	0.00299423
0.0279246	 	0.784816	 	0.653253	 	 -0.441013	 	0.00269003
0.0276454	 	0.718057	 	0.650919	 	 -0.416719	 	0.00256236
0.0273689	 	0.810575	 	0.694986	 	 -0.404079	 	0.0052001
0.0270953	 	0.742972	 	0.55564	 	 -0.401942	 	0.00335489
0.0268243	 	0.693892	 	0.637865	 	 -0.40566	 	0.00284255
0.0265561	 	0.700908	 	0.655133	 	 -0.405849	 	0.00291002
0.0262905	 	0.669094	 	0.636482	 	 -0.386781	 	0.0030297
0.0260276	 	0.726541	 	0.530812	 	 -0.361577	 	0.00474948
0.0257673	 	0.780932	 	0.583463	 	 -0.434691	 	0.00294853
0.0255096	 	0.770223	 	0.606877	 	 -0.442062	 	0.00233427
0.0252546	 	0.703579	 	0.649491	 	 -0.4125	 	0.00251108
0.025002	 	0.748673	 	0.761654	 	 -0.351515	 	0.00572876
0.024752	 	0.734539	 	0.709983	 	 -0.38876	 	0.00471727
0.0245045	 	0.689581	 	0.651936	 	 -0.403211	 	0.00260257
0.0242594	 	0.731944	 	0.626275	 	 -0.428484	 	0.00208222
0.0240168	 	0.766397	 	0.582089	 	 -0.431509	 	0.00269408
0.0237767	 	0.695221	 	0.65686	 	 -0.407038	 	0.00269374
0.0235389	 	0.737909	 	0.598044	 	 -0.429316	 	0.00230001
0.0233035	 	0.751168	 	0.581213	 	 -0.422877	 	0.0028759
0.0230705	 	0.668246	 	0.569139	 	 -0.368022	 	0.00352649
0.0228398	 	0.782765	 	0.62897	 	 -0.444897	 	0.00251368
0.0226114	 	0.834626	 	0.628598	 	 -0.436435	 	0.00387586
0.0223853	 	0.78948	 	0.662419	 	 -0.430138	 	0.00295154
0.0221614	 	0.696169	 	0.616848	 	 -0.409076	 	0.00267972
0.0219398	 	0.689894	 	0.660032	 	 -0.401188	 	0.00278783
0.0217204	 	0.715169	 	0.604171	 	 -0.4154	 	0.00214979
0.0215032	 	0.860364	 	0.634936	 	 -0.429889	 	0.0027868
0.0212882	 	0.85667	 	0.613609	 	 -0.433902	 	0.00292386
0.0210753	 	0.751576	 	0.613262	 	 -0.433165	 	0.00241015
0.0208645	 	0.806577	 	0.604193	 	 -0.443351	 	0.00243417
0.0206559	 	0.836757	 	0.633059	 	 -0.443079	 	0.00270091
0.0204493	 	0.773369	 	0.630017	 	 -0.437666	 	0.00256657
0.0202448	 	0.84092	 	0.574675	 	 -0.426418	 	0.00315799
0.0200424	 	0.847457	 	0.576606	 	 -0.42124	 	0.00348367
0.0198419	 	0.853978	 	0.572555	 	 -0.416513	 	0.0029824
0.0196435	 	0.85972	 	0.613119	 	 -0.433788	 	0.00356984
0.0194471	 	0.811813	 	0.591741	 	 -0.436918	 	0.0028037
0.0192526	 	0.780821	 	0.584856	 	 -0.438076	 	0.00268598
0.0190601	 	0.78184	 	0.566249	 	 -0.427546	 	0.00310394
0.0188695	 	0.816537	 	0.596152	 	 -0.444235	 	0.00241675
0.0186808	 	0.711457	 	0.577901	 	 -0.404787	 	0.00318583
0.018494	 	0.758561	 	0.611495	 	 -0.435821	 	0.00206994
0.0183091	 	0.800674	 	0.59117	 	 -0.438997	 	0.00275357
0.018126	 	0.880499	 	0.639509	 	 -0.414943	 	0.00338462
0.0179447	 	0.78628	 	0.683977	 	 -0.41707	 	0.00388418
0.0177653	 	0.731288	 	0.642985	 	 -0.426038	 	0.00263275
0.0175876	 	0.757273	 	0.659826	 	 -0.430434	 	0.00362134
0.0174117	 	0.771089	 	0.69882	 	 -0.412164	 	0.00370042
0.0172376	 	0.725836	 	0.610739	 	 -0.419375	 	0.00262245
0.0170652	 	0.701432	 	0.628204	 	 -0.411137	 	0.00239
0.0168946	 	0.792756	 	0.6105	 	 -0.439353	 	0.00274765
0.0167256	 	0.815956	 	0.594532	 	 -0.438844	 	0.00263513
0.0165584	 	0.811757	 	0.676681	 	 -0.423682	 	0.00381724
0.0163928	 	0.729778	 	0.641235	 	 -0.427928	 	0.00250536
0.0162289	 	0.751823	 	0.624297	 	 -0.432692	 	0.00221423
0.0160666	 	0.784532	 	0.643207	 	 -0.445053	 	0.00261071
0.0159059	 	0.79011	 	0.657012	 	 -0.435985	 	0.00306427
0.0157469	 	0.768132	 	0.646388	 	 -0.434336	 	0.00253029
0.0155894	 	0.801392	 	0.645551	 	 -0.439103	 	0.00257785
0.0154335	 	0.833178	 	0.660555	 	 -0.429159	 	0.00386787
0.0152792	 	0.818384	 	0.697783	 	 -0.406012	 	0.00416149
0.0151264	 	0.781062	 	0.671494	 	 -0.419275	 	0.00427855
0.0149751	 	0.801916	 	0.670595	 	 -0.423359	 	0.00371997
0.0148254	 	0.778846	 	0.683601	 	 -0.421855	 	0.00352613
0.0146771	 	0.760114	 	0.695535	 	 -0.416866	 	0.0035549
0.0145303	 	0.776148	 	0.631862	 	 -0.446043	 	0.00239811
0.014385	 	0.771332	 	0.584208	 	 -0.431652	 	0.00373759
0.0142412	 	0.854722	 	0.636609	 	 -0.428538	 	0.00373689
0.0140988	 	0.814712	 	0.662876	 	 -0.426294	 	0.00403117
0.0139578	 	0.804728	 	0.636694	 	 -0.444284	 	0.00305916
0.0138182	 	0.788894	 	0.618313	 	 -0.446083	 	0.00219001
0.01368	 	0.768827	 	0.691411	 	 -0.404668	 	0.00498854
0.0135432	 	0.768692	 	0.640014	 	 -0.438134	 	0.0023867
0.0134078	 	0.755306	 	0.654822	 	 -0.431703	 	0.00313951
0.0132737	 	0.756483	 	0.67927	 	 -0.422182	 	0.00351531
0.013141	 	0.754034	 	0.643617	 	 -0.431933	 	0.00226029
0.0130096	 	0.706512	 	0.639618	 	 -0.410842	 	0.002389
0.0128795	 	0.72188	 	0.640578	 	 -0.418628	 	0.00266988
0.0127507	 	0.753034	 	0.623615	 	 -0.437143	 	0.00260609
0.0126232	 	0.711613	 	0.628538	 	 -0.418419	 	0.00221253
0.0124969	 	0.736149	 	0.647686	 	 -0.425091	 	0.00254991
0.012372	 	0.78177	 	0.674266	 	 -0.422925	 	0.00362221
0.0122482	 	0.801969	 	0.655448	 	 -0.435388	 	0.00301475
0.0121258	 	0.786257	 	0.608679	 	 -0.449369	 	0.00219468
0.0120045	 	0.788028	 	0.597754	 	 -0.44342	 	0.00228396
0.0118845	 	0.768038	 	0.577834	 	 -0.429897	 	0.00320624
0.0117656	 	0.736528	 	0.596351	 	 -0.430029	 	0.00248881
0.011648	 	0.73529	 	0.581955	 	 -0.418014	 	0.00252773
0.0115315	 	0.77313	 	0.577742	 	 -0.436796	 	0.00246772
0.0114162	 	0.776441	 	0.583438	 	 -0.433004	 	0.00275639
0.011302	 	0.743498	 	0.559633	 	 -0.411114	 	0.00352787
0.011189	 	0.739946	 	0.608007	 	 -0.425894	 	0.00247745
0.0110771	 	0.736059	 	0.613755	 	 -0.434824	 	0.00230177
0.0109663	 	0.755385	 	0.604605	 	 -0.434963	 	0.00225232
0.0108567	 	0.731712	 	0.621342	 	 -0.426566	 	0.00266643
0.0107481	 	0.726071	 	0.641075	 	 -0.419757	 	0.00282556
0.0106406	 	0.723108	 	0.629977	 	 -0.424807	 	0.00228778
0.0105342	 	0.714952	 	0.627177	 	 -0.4147	 	0.00248532
0.0104289	 	0.742336	 	0.645022	 	 -0.423189	 	0.00346807
0.0103246	 	0.768408	 	0.616884	 	 -0.43717	 	0.00272676
0.0102213	 	0.772789	 	0.600717	 	 -0.442413	 	0.00247943
0.0101191	 	0.758654	 	0.610319	 	 -0.440203	 	0.00233922
0.0100179	 	0.767369	 	0.629587	 	 -0.437451	 	0.0029411
